#  rad density density_err 
     0.008828   623.38619   415.35065 
     0.013178   499.75503   150.58608 
     0.015990   784.79671   897.06736 
     0.019672   702.67932   641.55557 
     0.023980   523.30776   197.31382 
     0.029366   715.74311   666.70495 
     0.035797   589.87118   343.93719 
     0.043636   464.25562    85.24636 
     0.053561   315.32411   133.49958 
     0.065290   324.15832   122.22429 
     0.079772   486.13532   131.99158 
     0.097465   563.32260   291.89478 
     0.119083   696.23712   622.89558 
     0.145831   568.53496   303.74529 
     0.178176  1025.07862  1883.99197 
     0.217695   709.18113   713.86795 
     0.265980   342.57619    67.86983 
     0.324974   579.10481   405.51697 
     0.397053   386.15101    32.32043 
     0.485120   423.40616   146.72907 
     0.592719   327.15772    27.38275 
     0.724184   306.73065    56.32171 
     0.884807   264.70197    56.29465 
     0.999652   191.75963    21.47363 
     1.081057   228.43212    68.83112 
     1.249824   159.49871     4.42089 
     1.320836   202.65493   101.76505 
     1.499163   130.24383     9.06917 
     1.613796   156.58753    86.19216 
     1.749237   103.45636    10.11960 
     1.769493    82.17830    19.88436 
     1.971736    60.63972    25.67319 
     1.999166    79.93872     3.32886 
     2.248271    59.53292     4.14541 
     2.499475    53.79689     4.50274 
     2.746937    46.85513     7.92699 
     2.850026    34.89452     5.90348 
     2.943396    37.91030     2.63978 
     2.998118    39.33301     7.79250 
     3.249741    32.11864     4.51179 
     3.498233    25.51274     1.41886 
     4.098462    12.04834     0.90818 
     4.664099    10.70872     0.80492 
     5.301205     7.44007     0.56082 
     6.045110     5.99277     0.45044 
     6.770230     6.15110     0.46366 
     7.411289     6.23642     0.46876 
     7.979242     6.66867     0.50267 
     8.526672     5.81206     0.43686 
     9.078579     5.76309     0.43441 
     9.598388     5.82046     0.43749 
    10.053843     6.85108     0.51642 
    10.489840     5.77125     0.43379 
    10.908813     6.89107     0.51943 
    11.315275     5.65429     0.42500 
    11.764524     5.22597     0.39281 
    12.176680     6.28327     0.47362 
    12.554661     5.75564     0.43262 
    12.924967     6.17859     0.46573 
    13.306351     5.13846     0.38623 
    13.719750     4.92214     0.37102 
    14.098744     5.82203     0.43761 
    14.435947     5.85843     0.44160 
    14.809098     4.58270     0.34446 
    15.206899     4.84088     0.36490 
    15.593639     4.59714     0.34554 
    15.945310     5.65999     0.42664 
    16.271872     5.05101     0.37966 
    16.597468     5.47164     0.41244 
    16.926758     4.75313     0.35727 
    17.230159     6.33402     0.47744 
    17.503120     5.56404     0.41822 
    17.798446     5.22179     0.39361 
    18.097603     5.24240     0.39404 
    18.382174     5.62957     0.42314 
    18.661566     5.23799     0.39483 
    18.963892     4.67000     0.35102 
    19.245979     5.91439     0.44581 
    19.505132     5.30543     0.39878 
    19.785340     4.91254     0.37030 
    20.069204     5.02142     0.37743 
    20.345105     5.05684     0.38117 
    20.605710     5.49166     0.41278 
    20.862122     5.08826     0.38354 
    21.113381     5.59107     0.42025 
    21.366238     4.90875     0.37001 
    21.616429     5.58573     0.41985 
    21.847423     5.60665     0.42262 
    22.076159     5.57740     0.41922 
    22.311883     5.17374     0.38999 
    22.548677     5.40990     0.40663 
    22.777449     5.42677     0.40906 
    22.998962     5.65984     0.42542 
    23.224715     5.15943     0.38781 
    23.437986     6.24254     0.47055 
    23.644757     5.36442     0.40321 
    23.864552     5.39666     0.40679 
    24.095561     4.78126     0.35938 
    24.340915     4.67443     0.35235 
    24.566385     5.60048     0.42096 
    24.790595     4.63710     0.34953 
    25.010140     5.76371     0.43323 
    25.212655     5.30039     0.39953 
    25.430109     4.91678     0.36957 
    25.640528     5.58703     0.42114 
    25.841702     5.27102     0.39619 
    26.049650     5.14293     0.38766 
    26.260954     5.02382     0.37761 
    26.472097     5.06869     0.38207 
    26.683147     4.94866     0.37196 
    26.873871     6.20024     0.46736 
    27.069016     4.68400     0.35207 
    27.279157     5.21283     0.39182 
    27.484866     4.77766     0.36013 
    27.682834     5.57229     0.41884 
    27.886094     4.48632     0.33817 
    28.087629     5.59781     0.42076 
    28.274369     5.09847     0.38431 
    28.478585     4.61974     0.34724 
    28.674312     5.50870     0.41523 
    28.860419     5.00862     0.37647 
    29.040403     5.84284     0.44042 
    29.225062     4.71966     0.35475 
    29.414024     5.48280     0.41328 
    29.590570     5.30655     0.39886 
    29.775390     4.94518     0.37276 
    29.958977     5.31428     0.39945 
    30.127146     5.83299     0.43968 
    30.290076     5.58700     0.41994 
    30.467863     4.86149     0.36645 
    30.647623     5.39398     0.40544 
    30.819763     5.25693     0.39513 
    31.004083     4.63871     0.34966 
    31.190798     5.05517     0.37997 
    31.379751     4.48017     0.33771 
    31.556386     5.79586     0.43564 
    31.730533     4.54413     0.34253 
    31.919248     4.81846     0.36218 
    32.087793     5.67119     0.42748 
    32.254603     4.86043     0.36533 
    32.438932     4.56963     0.34445 
    32.612076     5.49065     0.41270 
    32.784648     4.54901     0.34289 
    32.957846     5.39018     0.40515 
    33.123857     4.87553     0.36751 
    33.288794     5.40989     0.40663 
    33.450790     4.99735     0.37669 
    33.625514     4.60611     0.34622 
    33.804679     4.69615     0.35399 
    33.977336     4.90975     0.36904 
    34.147483     4.81229     0.36171 
    34.317508     4.84068     0.36488 
    34.487022     4.79345     0.36030 
    34.655719     4.84035     0.36485 
    34.827875     4.56138     0.34285 
    34.990337     5.42376     0.40883 
    35.159449     4.20312     0.31593 
    35.329224     5.32394     0.40131 
    35.478935     5.27583     0.39656 
    35.632850     4.99647     0.37662 
    35.790718     4.96893     0.37349 
    35.952090     4.74088     0.35736 
    36.112231     5.00246     0.37601 
    36.270463     4.81104     0.36265 
    36.433172     4.68908     0.35245 
    36.605253     4.26869     0.32176 
    36.775621     4.74387     0.35657 
    36.932258     4.99638     0.37662 
    37.080222     5.27109     0.39620 
    37.222863     5.36161     0.40300 
    37.360027     5.62993     0.42437 
    37.503041     4.91415     0.36937 
    37.653954     4.99370     0.37641 
    37.798216     5.34050     0.40142 
    37.946649     4.69237     0.35370 
    38.098335     5.06249     0.38052 
    38.231051     6.13765     0.46264 
    38.362143     5.14205     0.38650 
    38.506361     4.99525     0.37653 
    38.651105     5.06625     0.38080 
    38.794628     5.04276     0.38011 
    38.925752     6.07815     0.45686 
    39.056014     5.07011     0.38217 
    39.190551     5.63260     0.42337 
    39.314491     5.92430     0.44656 
    39.440499     5.42130     0.40749 
    39.571009     5.47591     0.41276 
    39.697413     5.74421     0.43176 
    39.838705     4.44596     0.33418 
    39.983475     5.36863     0.40468 
    40.113779     5.39724     0.40568 
    40.238885     5.79636     0.43692 
    40.356970     6.01375     0.45202 
    40.483037     5.08539     0.38333 
    40.620579     4.98843     0.37495 
    40.760600     4.87315     0.36733 
    40.894928     5.39701     0.40566 
    41.031879     4.66729     0.35181 
    41.169638     5.29405     0.39793 
    41.300252     5.13892     0.38736 
    41.434125     5.00779     0.37641 
    41.579695     4.33583     0.32683 
    41.722964     5.14760     0.38692 
    41.858905     4.75548     0.35846 
    41.995330     5.07672     0.38159 
    42.128547     4.95077     0.37318 
    42.256798     5.45547     0.41006 
    42.389269     4.65560     0.34994 
    42.536475     4.34192     0.32728 
    42.684492     4.57147     0.34361 
    42.823365     4.90419     0.36967 
    42.953885     5.13720     0.38614 
    43.087290     4.67207     0.35217 
    43.228033     4.57829     0.34413 
    43.369097     4.62043     0.34828 
    43.507533     4.72326     0.35502 
    43.629462     6.01294     0.45324 
    43.746868     5.02931     0.37803 
    43.878970     4.68824     0.35339 
    44.011487     4.96684     0.37333 
    44.141759     4.81922     0.36326 
    44.271523     4.97687     0.37408 
    44.391255     5.65371     0.42616 
    44.508812     5.12465     0.38519 
    44.629652     5.31107     0.40034 
    44.755447     4.71784     0.35461 
    44.887641     4.79164     0.36016 
    45.021281     4.56455     0.34407 
    45.158070     4.54442     0.34158 
    45.293650     4.61904     0.34817 
    45.428595     4.55956     0.34272 
    45.560777     4.78961     0.36103 
    45.679143     5.69077     0.42774 
    45.793777     5.05947     0.38137 
    45.916408     4.93323     0.37080 
    46.043637     4.67634     0.35249 
    46.165104     5.40773     0.40647 
    46.288721     4.50280     0.33941 
    46.417643     4.91601     0.36951 
    46.541895     4.81277     0.36278 
    46.670963     4.53547     0.34091 
    46.798751     4.88644     0.36833 
    46.925249     4.60001     0.34576 
    47.051203     4.90382     0.36964 
