#  rad density density_err 
     0.103717    77.20650     9.74352 
     0.162873   104.62943    39.45065 
     0.226386    90.29295    17.88848 
     0.342648    61.32730    17.56307 
     0.430377    56.97100    16.31550 
     0.536845    63.04547     2.62538 
     0.694782    50.07879     2.08542 
     0.767094    31.88995    21.24768 
     0.911693    37.64037     3.68180 
     1.199082    32.78339     7.45127 
     1.232675    22.68056     6.49532 
     1.235517    22.47263     6.43577 
     1.551846    22.26660     6.04565 
     1.713360     9.80966     7.54769 
     1.935748    13.17207     1.47503 
     2.068965    12.55270     3.96951 
     2.150908     7.21151     2.28048 
     2.252733     6.99197     2.21105 
     2.351162     7.06496     2.23414 
     2.431708    10.02640     3.17063 
     2.519798     5.69527     1.80100 
     2.613119     8.04152     2.54295 
     2.689575     7.66778     2.42476 
     2.777925     6.33219     1.90923 
     2.877874     5.50978     1.74234 
     2.976433     5.52706     1.74781 
     3.095280     3.64802     1.15361 
     3.228217     3.94647     1.24798 
     3.384172     2.51513     0.79535 
     3.528986     4.39385     1.38946 
     3.691179     1.94447     0.61490 
     3.909414     1.89594     0.59955 
     4.136163     1.61154     0.50961 
     4.433468     1.00884     0.31902 
     4.821300     0.78630     0.24865 
     5.190382     0.96322     0.30460 
     5.613919     0.53619     0.16956 
     6.169072     0.44360     0.14028 
     6.887012     0.27050     0.08554 
     7.903088     0.17098     0.05407 
     9.663722     0.07731     0.02331 
    12.097719     0.05211     0.01648 
    14.569512     0.04516     0.01428 
    17.090695     0.03550     0.01123 
    19.482025     0.03783     0.01196 
    21.232525     0.05587     0.01767 
    22.839950     0.03720     0.01176 
    24.983454     0.02639     0.00835 
    26.713571     0.05694     0.01801 
    28.446104     0.02313     0.00732 
    30.749416     0.02366     0.00748 
    32.638126     0.03068     0.00970 
    34.528198     0.02104     0.00665 
    37.089299     0.01464     0.00463 
    39.397171     0.02399     0.00759 
    41.011939     0.02511     0.00794 
    42.442586     0.02850     0.00901 
