#  rad density density_err 
     0.016667  9605.53108  2923.03665 
     0.050000  8373.77682  2103.91340 
     0.083333  6118.16777  1048.39187 
     0.116667  5742.76945  1018.96399 
     0.150000  4926.30597   603.02786 
     0.183333  3264.53539   473.47844 
     0.253333  2214.83502   335.46247 
     0.360000  1165.25609   127.35067 
     0.466667   849.41785   144.91887 
     0.573333   639.03020    89.71036 
     0.680000   486.65522    61.00534 
     0.786667   318.94910    48.06344 
     0.893333   275.69023    40.79367 
     1.000000   203.94891    32.55859 
     1.106667   164.74847    27.81910 
     1.213333   135.15166    20.47343 
     1.341667   112.67340    19.15211 
     1.513833    76.17656    19.88175 
     1.708333    54.93149    11.33478 
     1.903333    41.47834     8.68562 
     2.333333    22.95204     3.95766 
     2.400698    13.81763     3.35127 
     2.483880    12.84526     3.11543 
     2.564414    14.64750     3.45245 
     2.640304    13.57066     3.29137 
     2.721389    11.47280     2.78256 
     2.807835    11.17413     2.71013 
     2.887483    12.82518     3.11056 
     2.976730     9.12812     2.15152 
     3.064335    12.65345     3.06891 
     3.140700    10.38531     2.51881 
     3.239270     7.31476     1.77409 
     3.350930     7.39867     1.79444 
     3.465579     6.87906     1.62141 
     3.584448     6.42030     1.55715 
     3.706751     5.74572     1.39354 
     3.802859    10.91574     2.64746 
     3.923925     3.89660     0.94506 
     4.129277     2.96804     0.69957 
     4.299110     5.94182     1.44110 
     4.440473     3.44617     0.83582 
     4.633403     2.79330     0.67747 
     4.884270     1.89266     0.45904 
     5.156647     2.20394     0.51947 
     5.465846     1.35128     0.32773 
     5.869388     1.04586     0.25366 
     6.465286     0.55722     0.13514 
     7.056434     0.88908     0.21563 
     7.554829     0.67053     0.15804 
     8.863449     0.14878     0.03608 
    11.410969     0.07791     0.01890 
    15.816628     0.02966     0.00719 
    21.148807     0.02613     0.00634 
    26.935016     0.01593     0.00376 
    34.158854     0.01019     0.00247 
    41.028557     0.01105     0.00268 
    47.127786     0.00921     0.00223 
    52.288619     0.01265     0.00307 
    56.151766     0.01403     0.00331 
    59.026137     0.02169     0.00526 
    62.127239     0.01065     0.00258 
    65.598788     0.01445     0.00350 
    68.312062     0.01540     0.00373 
    71.139211     0.01307     0.00308 
    74.063097     0.01321     0.00320 
    76.976491     0.01148     0.00278 
    79.648043     0.01489     0.00361 
    82.346933     0.01055     0.00256 
