#  rad density density_err 
     0.007209 60546.37293  1678.18904 
     0.012527 59441.27708  1647.55864 
     0.021520 48987.82205  9705.27270 
     0.021870 55729.88304  1544.68838 
     0.028045 50826.25741  2116.54189 
     0.034186 32967.66068 21965.74079 
     0.039797 43459.84085  3637.54211 
     0.043636 71464.13339 57502.75874 
     0.045170 40002.59190  4479.57106 
     0.047190 72125.38287 67183.81080 
     0.056474 30625.84862  9687.72198 
     0.058324 34204.88476  3345.75483 
     0.062640 32365.93306  3624.40257 
     0.068053 68247.71755 93602.23309 
     0.068367 27421.30577  6635.02462 
     0.077064 26673.99906  2987.00830 
     0.080325 25473.47135  3214.77342 
     0.095907 20421.52318  3749.78886 
     0.097915 19682.85674  4185.98909 
     0.102529 20048.78837  1961.07460 
     0.105402 24103.94522  5832.33604 
     0.105645 19864.97997  1104.76909 
     0.110116 24103.94522  7624.68080 
     0.114775 15925.31868  3619.63514 
     0.115571 15779.31448  3818.05815 
     0.122419 16830.15562   466.48843 
     0.133306 13124.66211  3175.72245 
     0.133921 13246.10312  3010.68138 
     0.136725 13998.71370  1171.67734 
     0.150955 10916.61845  2802.37159 
     0.152703 10717.36771  2751.22255 
     0.165901 12080.58962  1181.66430 
     0.168597  9080.04773  2735.99810 
     0.170157 13617.20989  4926.17948 
     0.170942  9864.79652  1244.94559 
     0.171731  8996.80136  2442.73966 
     0.186573  8513.10778  1317.82097 
     0.190480  8357.72605  1174.03298 
     0.199457  8591.87859   118.88508 
     0.204103  7908.39097   329.32664 
     0.205045  7835.88641   435.78423 
     0.209338  7692.86536   213.22635 
     0.221742  7414.60691   412.35524 
     0.228480  7080.89463   493.05866 
     0.235423  5177.11881  1794.10196 
     0.237055  6887.92059   869.26135 
     0.239248  6457.85265   268.92233 
     0.239800  6762.20187   757.24503 
     0.247086  6339.98356   620.14624 
     0.257542  6110.66016   945.92437 
     0.266593  5889.63162  1081.45092 
     0.273432  5177.11881   287.91979 
     0.275327  5944.12771  1702.29445 
     0.277875  5371.40788   831.48882 
     0.285003  5521.89484  1499.26079 
     0.292987  5471.26980  1730.69949 
     0.303983  4898.78221  1330.07823 
     0.307503  3820.21787   319.74814 
     0.310348  4898.78221  1549.60735 
     0.323481  4467.74247  1346.21924 
     0.327981  4550.80400  1646.30475 
     0.341860  4074.62956  1288.90725 
     0.345819  4112.33164  1487.68242 
     0.361284  3516.31790   850.82950 
     0.407238  2897.93161   873.20415 
     0.475170  1879.69823   183.86290 
     0.485120  1288.51100   545.52023 
     0.655917  1153.68735   470.53779 
     0.974650   480.93694   211.11590 
     1.116474   269.20811     7.46175 
     1.354718   247.79249   169.29543 
     1.548277   121.92370     6.78065 
     1.573435   131.24662    29.83079 
     1.985403    66.38778     8.37819 
     2.181970    52.73369     8.16312 
     2.420186    28.71363     9.95055 
     2.791571    26.67400     4.51273 
     2.856596    24.77925     3.48081 
     3.294949    13.87037     1.75045 
     3.402897    20.23430    13.14111 
     3.759301    10.04418     1.69778 
     3.891941    12.15473     2.05452 
     4.039114     7.80960     1.32006 
     4.204498     8.59329     1.45253 
     4.339853    11.32906     1.88818 
     4.473923     8.21266     1.38819 
     4.600239    11.98599     2.02600 
     4.718484     8.71490     1.47309 
     4.903423     4.84622     0.81916 
     5.103786     6.56261     1.10928 
     5.302328     4.68241     0.78040 
     5.523051     4.78745     0.80923 
     5.756020     3.79114     0.64082 
     6.062417     2.57001     0.43441 
     6.424716     2.36201     0.39925 
     6.880398     1.48745     0.25142 
     7.305859     2.48658     0.42031 
     7.945760     0.74096     0.12349 
     9.064291     0.48623     0.08219 
    10.529734     0.31735     0.05364 
    13.088634     0.12333     0.02085 
    18.074826     0.04726     0.00799 
    25.128727     0.02922     0.00494 
    31.972354     0.02937     0.00490 
    37.920392     0.02535     0.00428 
    44.150135     0.01893     0.00320 
    49.803578     0.02409     0.00407 
    54.612782     0.02050     0.00346 
    59.647775     0.01833     0.00310 
    64.710207     0.01711     0.00289 
    69.832079     0.01574     0.00262 
    74.255726     0.02064     0.00349 
    78.852110     0.01271     0.00215 
    83.176923     0.02166     0.00366 
    87.132495     0.01326     0.00224 
    90.856057     0.02334     0.00394 
    93.636789     0.02027     0.00343 
