#  rad density density_err 
     0.005331  3118.42603   217.14304 
     0.008992  2766.53040   710.18752 
     0.011012  3419.28615   238.09261 
     0.013485  3387.93795   188.41646 
     0.016514  3547.60655   447.71092 
     0.020177  3547.60655   447.71092 
     0.024652  3925.86578  1182.94106 
     0.030189  3962.19137  1253.34024 
     0.036800  4425.22592  2222.16828 
     0.044962  4591.29764  2601.93882 
     0.054809  4304.62623  2024.89176 
     0.066965  3854.21065  1161.34996 
     0.082007  3356.87715   328.35333 
     0.100196  2978.07374   124.01499 
     0.122419  2870.35391   159.63159 
     0.149571  2716.03553   189.12368 
     0.182746  2666.46230    73.90745 
     0.223279  2593.79380   253.71225 
     0.272803  1794.46688   460.65208 
     0.333310  1577.37680   289.63706 
     0.407238  1361.24234    75.70400 
     0.497564  1051.80552    14.55374 
     0.607923   968.13394   379.91079 
     0.744473   610.85122   165.85345 
     0.909596   388.98732   105.61473 
     1.111345   217.73861    36.83721 
     1.116474   193.16812     2.67285 
     1.357840   147.88886    71.90908 
     1.548277    73.44047     1.01619 
     1.659009    48.52164    14.62053 
     1.985403    25.93794     8.20482 
     2.026977    13.73838    19.74267 
     2.477695     7.49026     2.36863 
     2.541592    14.89664     4.71073 
     2.583052    15.07118     4.76593 
     2.625316    13.88976     4.39233 
     2.684450     7.94506     2.51245 
     2.747321    11.33250     3.58365 
     2.798720    12.10427     3.64957 
     2.872700     5.75422     1.81965 
     2.975952     4.85204     1.53435 
     3.104733     3.47917     1.10021 
     3.233911     4.43309     1.40187 
     3.333110     5.46448     1.72802 
     3.454019     2.98366     0.94352 
     3.604619     3.00843     0.95135 
     3.770034     2.29350     0.72527 
     3.944050     2.46111     0.77827 
     4.086100     3.24213     1.02525 
     4.181657     5.36251     1.69578 
     4.318034     1.82666     0.57764 
     4.499379     2.19828     0.69516 
     4.640269     2.83767     0.89735 
     4.911603     0.76823     0.24294 
     5.323007     0.74561     0.23578 
     5.752337     0.60456     0.19118 
     6.202476     0.63769     0.19227 
     6.921389     0.23106     0.07307 
     7.815343     0.25690     0.08124 
     9.022523     0.10878     0.03440 
    11.065845     0.05835     0.01845 
    14.635984     0.02326     0.00736 
    18.944920     0.02131     0.00674 
    22.615533     0.02071     0.00655 
    27.690740     0.00851     0.00269 
    34.300358     0.00717     0.00227 
    39.272257     0.01166     0.00369 
    43.866373     0.00635     0.00201 
    49.034534     0.00702     0.00222 
    52.511935     0.01301     0.00411 
    54.987100     0.01105     0.00349 
    57.924025     0.00844     0.00267 
    60.607906     0.01242     0.00393 
    62.601453     0.01357     0.00429 
