#  rad density density_err 
     0.005331   815.01837   114.48789 
     0.008992   800.14261    89.60159 
     0.011012   807.54624   101.91301 
     0.013485   853.42901   193.97424 
     0.016514   822.55965   127.33145 
     0.019004  1045.12298   575.27830 
     0.020177   830.17070   140.44900 
     0.023815  1007.31987   489.79649 
     0.024652   837.85217   165.99194 
     0.029981   901.91872   285.29945 
     0.030189   853.42901   193.97424 
     0.036800   815.01837   126.16407 
     0.037831   792.80686    88.78011 
     0.044962   853.42901   206.50083 
     0.047517   665.52964    93.48880 
     0.054809   853.42901   219.08114 
     0.059820   579.65208   192.09640 
     0.066965   785.53836   121.60059 
     0.075309   558.68550   202.11079 
     0.082007   696.89508    19.31613 
     0.094809   558.68550   168.34300 
     0.100196   595.89179   109.41732 
     0.119357   574.33780   105.45959 
     0.122419   709.85133   109.88431 
     0.149571   785.53836   332.57541 
     0.150262   690.50591   136.80029 
     0.182746   659.42802   179.04263 
     0.223279   486.59473     6.73297 
     0.238149   486.59473    20.26311 
     0.272803   372.53527    73.80521 
     0.299812   321.48995    96.87128 
     0.333310   452.03015   184.36300 
     0.376573   431.68544   237.61726 
     0.407238   359.06031   146.44474 
     0.474077   195.50929    47.30661 
     0.497564   197.31832    22.09610 
     0.596827   135.25938    34.72202 
     0.607923   130.36692    35.39618 
     0.744473   107.44035     2.97797 
     0.751361   102.60473     5.70625 
     0.909596    83.78522    17.81876 
     0.945908    75.01833    12.69167 
     1.111345    57.43378    17.30593 
     1.357840    30.42057     1.69181 
     1.912079    10.76171     3.40315 
     1.985932    11.39011     3.60187 
     2.063812     9.03011     2.85557 
     2.139841    11.15779     3.52840 
     2.217752     8.04881     2.54526 
     2.305307     8.03237     2.54006 
     2.417572     4.75054     1.50225 
     2.536906     6.26806     1.98214 
     2.628151     7.34894     2.32394 
     2.728190     5.45328     1.64422 
     2.865782     3.52587     1.11498 
     2.971577     9.90405     3.13194 
     3.056075     4.53174     1.43306 
     3.245493     1.85812     0.58759 
     3.447695     3.28584     1.03907 
     3.638995     1.80646     0.57125 
     3.852114     2.24388     0.70958 
     4.250928     0.61027     0.19298 
     4.805796     0.66737     0.21104 
     5.388890     0.48492     0.14621 
     6.069501     0.37933     0.11996 
     8.022931     0.06169     0.01951 
    11.307973     0.04196     0.01327 
    20.170758     0.00549     0.00174 
    31.436013     0.00620     0.00196 
    41.994522     0.00292     0.00092 
    51.716342     0.00474     0.00150 
    57.742522     0.00495     0.00157 
    64.193289     0.00338     0.00107 
