#  rad density density_err 
     0.041865   204.54216   143.23024 
     0.075657   439.32189   241.82068 
     0.104918   330.20439    32.29898 
     0.108855   202.66691   141.91709 
     0.136097   243.65922    88.14647 
     0.146167   365.41204    99.21376 
     0.162873   267.16702    56.81890 
     0.190480   267.16702    49.05706 
     0.217194   279.75821    27.36458 
     0.244821   324.17748    45.53811 
     0.272175   368.79315   133.41509 
     0.281740   358.74251   113.47923 
     0.299122   339.45550    87.14058 
     0.326474   303.93649    29.72958 
     0.353060   255.14252    35.84058 
     0.380933   243.65922    44.74057 
     0.391605   282.34679    11.75768 
     0.408177   245.91377    38.06722 
     0.435360   243.65922    37.71821 
     0.489608   255.14252     7.07189 
     0.544313   262.29067    18.26389 
     0.571280   267.16702    33.71670 
     0.652903   272.13403    61.85282 
     0.734258   200.80885    33.97301 
     0.756569   220.18252     6.10289 
     0.816298   181.46081    41.24388 
     0.897116   178.14878    30.13936 
     0.979149   160.98405    38.95267 
     1.051596   141.50860    53.35599 
     1.061326   195.33625    27.43943 
     1.224190   158.04576     2.18687 
     1.461668   149.54877    25.30079 
     1.468415   144.13945    18.19052 
     1.713360   145.47315    66.13835 
     1.958163    98.80589    12.46939 
     2.202159    79.21052     6.62984 
     2.448210    59.53644     3.31105 
     2.690598    57.91390    10.63412 
     2.817402    22.22198    29.99926 
     2.850026    43.52942     3.03105 
     2.936627    43.13034     1.19546 
     3.264741    32.41775     0.44856 
     3.426484    35.54535    11.24388 
     3.696994    20.45422     4.35004 
     3.952290    16.54942     4.24835 
     4.144981    14.73293     2.24675 
     4.255556    14.74257     2.24822 
     4.376979    11.68901     1.78256 
     4.525767     9.23107     1.40772 
     4.669806    11.79330     1.79846 
     4.811636     8.92328     1.36079 
     4.956697    10.56152     1.61062 
     5.098482     8.78224     1.33928 
     5.262342     7.43660     1.13407 
     5.439028     7.04929     1.07501 
     5.650454     4.95652     0.75586 
     5.882044     5.31709     0.81085 
     6.140740     3.73265     0.56922 
     6.431447     3.76215     0.57372 
     6.777083     2.47245     0.37705 
     7.177983     2.42374     0.36962 
     7.756551     1.15521     0.17617 
     8.643177     0.78436     0.11961 
    10.371114     0.26973     0.04113 
    17.632557     0.03214     0.00490 
    35.754250     0.00792     0.00121 
    55.926271     0.00756     0.00115 
