#  rad density density_err 
     0.005331 41954.25372  2333.23984 
     0.007326 38262.73415  3202.54985 
     0.008992 41954.25372  2333.23984 
     0.011012 43931.49678  5544.19170 
     0.012327 37219.96842  4167.96726 
     0.013485 41954.25372  2333.23984 
     0.014992 40436.72740  1120.80162 
     0.016514 44337.98992  6228.28055 
     0.018317 40436.72740  1120.80162 
     0.020177 43528.73040  5493.36224 
     0.022483 42342.45165  3544.01783 
     0.024652 44337.98992  6863.47859 
     0.027469 39698.67395   549.30712 
     0.027660 40810.88383  1699.47483 
     0.030189 46001.92444  9783.31329 
     0.033485 41188.50229  2290.65341 
     0.036800 45580.17626  9693.61934 
     0.041006 39698.67395   549.30712 
     0.044962 45580.17626 10359.83085 
     0.049986 40436.72740  2248.84428 
     0.054809 44748.24429 10170.74263 
     0.055316 39334.71432  1090.25666 
     0.056474 40066.00125  2228.22675 
     0.061214 40066.00125  3353.48138 
     0.066965 43931.49678  9985.10565 
     0.074619 37911.93929  1050.82101 
     0.082007 41188.50229  7563.01014 
     0.082956 36878.73370   510.28785 
     0.091379 37911.93929  3173.18870 
     0.100196 35544.79389   985.20986 
     0.110624 34259.10399   474.04026 
     0.111647 34259.10399   474.04026 
     0.122419 32717.19031   906.83599 
     0.136411 30114.52381  2096.94220 
     0.149571 27718.90055  3498.14847 
     0.165901 27464.77214  1143.70689 
     0.166667 27718.90055   768.29631 
     0.182746 25988.18803  1082.21796 
     0.199457 22634.76554  3829.36921 
     0.203633 23701.50918  1650.38953 
     0.221232 21616.03328  2420.60708 
     0.223279 20453.89397  3755.73276 
     0.248799 19354.23457  2442.52062 
     0.272803 17329.09970  2682.52812 
     0.276598 17489.44388  1958.50326 
     0.277875 17651.27171  1477.39253 
     0.303983 17651.27171   981.65613 
     0.331779 14817.53631   617.04202 
     0.333310 15373.61498   212.72338 
     0.371406 13892.35908   967.35629 
     0.387123 12669.98207   175.31345 
     0.407238 11344.25553   472.40527 
     0.442434 10346.08400   143.15787 
     0.453784 10346.08400   720.42116 
     0.497564  8448.42981   234.16865 
     0.554433  7776.35360  1092.36598 
     0.607923  6408.78940   626.87649 
     0.655917  5479.94248   381.58075 
     0.677406  5281.72761   666.55845 
     0.719198  4352.87304   120.65040 
     0.744473  4393.14968   491.95378 
     0.827654  3756.43605   853.79315 
     0.829562  3095.82213   215.56908 
     0.909596  3067.43946   697.19243 
     0.974650  2797.53804   927.10266 
     1.011227  2370.15092   504.06432 
     1.111345  1882.67779   372.98865 
     1.238365  1428.15716   262.23743 
     1.354718  1302.49481   511.11919 
     1.357840  1103.50931   155.01302 
     1.513034   821.81866   103.71420 
     1.548277   749.50753    62.73298 
     1.659009   595.35499    16.50170 
     1.848625   460.01924    38.50312 
     1.985403   342.59104     9.49574 
     2.026977   368.78734    62.39176 
     2.420186   167.02289    37.96231 
     2.856596    93.49233    28.17109 
     3.294949    58.98967    16.89361 
     3.538741    66.49301    19.04244 
     3.731202    49.06547     4.79935 
     4.167242    33.01992     2.76373 
     4.527399    22.22163     1.23583 
     4.611569    18.82678     4.27910 
     4.859743    15.19911     2.14948 
     4.970113    14.16862     2.00375 
     5.088560    12.62295     1.78515 
     5.229553     9.81755     1.37473 
     5.356988    15.35023     2.17085 
     5.462470    12.75775     1.80422 
     5.599242     8.91855     1.26127 
     5.738632    11.61157     1.64212 
     5.857445    11.72339     1.64160 
     5.994126     8.55635     1.21005 
     6.146939     8.60379     1.21676 
     6.289683     9.37046     1.32518 
     6.443099     7.33233     1.02673 
     6.628306     6.04511     0.85491 
     6.819489     6.35005     0.89803 
     7.004710     6.08563     0.86064 
     7.203947     5.31990     0.74493 
     7.438416     4.16041     0.58837 
     7.714715     3.49123     0.49373 
     8.008321     3.40587     0.48166 
     8.310615     3.12209     0.43718 
     8.685381     2.09807     0.29671 
     9.142486     1.82281     0.25778 
     9.672864     1.41054     0.19948 
    10.343468     1.01502     0.14355 
    11.436311     0.49712     0.06961 
    13.088941     0.32381     0.04579 
    16.271779     0.10897     0.01541 
    23.991725     0.03029     0.00428 
    34.491890     0.02342     0.00328 
    43.106508     0.02571     0.00364 
    49.847527     0.02533     0.00358 
    56.578018     0.01965     0.00278 
    64.156503     0.01582     0.00222 
    70.772808     0.02148     0.00304 
    75.820508     0.02159     0.00305 
    81.024244     0.01770     0.00250 
    86.158740     0.01995     0.00279 
    91.346884     0.01541     0.00218 
    96.602299     0.01696     0.00240 
   100.907510     0.02101     0.00297 
   104.570688     0.02130     0.00301 
   107.899713     0.02438     0.00341 
   111.830393     0.01490     0.00211 
   116.220633     0.01710     0.00242 
   120.084805     0.01780     0.00252 
   124.042064     0.01561     0.00219 
   128.094545     0.01587     0.00224 
   131.371203     0.02295     0.00325 
   134.238965     0.01915     0.00271 
   138.212009     0.01211     0.00170 
   142.415604     0.01571     0.00222 
   146.646056     0.01107     0.00156 
   151.156160     0.01279     0.00181 
   155.995157     0.00917     0.00130 
