#  rad density density_err 
     0.023333   271.69474    60.13136 
     0.066667   254.37898    48.30376 
     0.106667   247.04793    35.40579 
     0.158333   204.35310    24.88682 
     0.216667   178.84682    19.68700 
     0.268333   151.94318    21.13274 
     0.318333   133.99273    20.54755 
     0.372500   103.55742    12.02566 
     0.435833    85.77115    11.39915 
     0.508333    71.30356     6.76622 
     0.593167    55.01501     7.11102 
     0.698333    38.48409     6.87610 
     0.830833    26.61836     2.55607 
     0.952500    20.31801     3.40239 
     1.083333    13.31929     1.56524 
     1.274167     9.32140     0.87225 
     1.501667     5.80873     0.76606 
     1.773333     3.81137     0.63210 
     2.124099     2.92911     0.92627 
     2.359043     3.46654     1.04520 
     2.681282     1.37914     0.43612 
     3.105175     1.22798     0.38832 
     3.737363     0.50278     0.15899 
     4.853030     0.23690     0.07491 
     6.582949     0.11649     0.03684 
     9.436510     0.05109     0.01540 
    13.011145     0.03477     0.01100 
    16.142921     0.03590     0.01135 
    20.053848     0.01564     0.00494 
    24.327185     0.01885     0.00596 
    27.334521     0.02289     0.00724 
    29.857110     0.02344     0.00707 
    31.822696     0.03498     0.01106 
    32.998872     0.05229     0.01653 
    34.038497     0.04042     0.01278 
    35.211825     0.03799     0.01201 
    36.370113     0.04272     0.01288 
    37.624029     0.03063     0.00969 
    39.040618     0.02807     0.00888 
    40.648115     0.02221     0.00702 
    42.264791     0.02561     0.00810 
    43.428124     0.04280     0.01354 
    44.223870     0.05384     0.01623 
    44.986993     0.04473     0.01414 
    45.836157     0.03827     0.01210 
    46.831308     0.03138     0.00992 
    47.707456     0.04984     0.01576 
    48.713871     0.02432     0.00769 
    49.949307     0.03109     0.00937 
    50.805047     0.05363     0.01696 
    51.409950     0.04948     0.01565 
    52.234779     0.02976     0.00941 
    53.035078     0.05204     0.01646 
    53.794001     0.03143     0.00994 
    55.035495     0.02063     0.00622 
    56.261547     0.03108     0.00983 
    57.307538     0.02350     0.00743 
    58.330908     0.03154     0.00997 
    59.042793     0.04825     0.01526 
    59.555435     0.05728     0.01811 
