#  rad density density_err 
     0.007326  1845.77251   285.72383 
     0.012327  1779.00911   148.90116 
     0.014992  2042.57575   615.46850 
     0.018317  1714.66062    47.52596 
     0.022483  1762.69906   122.74071 
     0.027469  1479.71533   293.15532 
     0.033485  1230.77360   598.44803 
     0.041006  1175.37966   666.10057 
     0.041865  1091.88820   764.59250 
     0.049986  1071.95899   787.48442 
     0.061214  1208.30945   645.55099 
     0.074619  1466.14922   311.80863 
     0.075657   859.36601  1016.86336 
     0.091379  2178.60338   888.55548 
     0.104918  1493.40697   274.21857 
     0.111647  2871.95858  2622.13640 
     0.146167  3207.58499  3666.45244 
     0.166667  3007.30982  3027.18445 
     0.203633  2323.68991  1166.86246 
     0.248799  2005.29455   514.77300 
     0.281740  2643.49305  1941.96755 
     0.303983  1300.70309   550.68203 
     0.309634  1730.52617    47.96571 
     0.371406  1950.64470   443.35829 
     0.391605  1521.17147   235.47589 
     0.453784  1578.25863   109.89771 
     0.544313  2595.24386  2088.23188 
     0.554433  1521.17147   105.92260 
     0.677406  1466.14922    40.63787 
     0.693184  1578.25863   154.37755 
     0.756569  1578.25863   267.01116 
     0.827654  1479.71533   229.05852 
     1.011227  1337.14398   284.37285 
     1.051596  1592.86208   928.75279 
     1.116474   986.68420    96.51263 
     1.238365   783.75112   224.45264 
     1.461668   508.36796   338.71614 
     1.513034   664.01543    83.79930 
     1.548277   634.12981    98.16269 
     1.848625   459.38644    97.69855 
     1.985403   503.70722    56.40615 
     2.258649   335.87538    42.38775 
     2.420186   371.68769    89.93580 
     2.856596   236.68905    23.15177 
     3.096341   189.74842    10.55265 
     3.294949   159.28621     2.20403 
     3.538741   145.27075    20.40659 
     3.731202   100.50280    22.84309 
     3.970532   124.21618    44.93661 
     4.167242    87.53428     1.21120 
     4.527399    81.31641    19.67581 
     4.611569    74.16144    13.61748 
     4.840038    47.22567    14.93866 
     5.044856    56.77775     8.78914 
     5.138647    39.64406    12.54041 
     5.518852    45.93864    10.44131 
     6.263957    26.67953     0.73949 
     6.514015    24.55716     0.68066 
     7.197608    13.92341     1.09393 
     7.468757    12.11189     0.95160 
     7.754364    11.68962     0.91560 
     8.047640    10.66666     0.83805 
     8.382860     8.31081     0.65296 
     8.717567     9.94171     0.77869 
     9.041897     8.16284     0.64133 
     9.399838     7.48304     0.58792 
     9.772701     6.95798     0.54667 
    10.169788     6.14675     0.48145 
    10.581041     5.97966     0.46981 
    11.010029     5.19849     0.40843 
    11.537292     3.69961     0.29067 
    12.107870     3.98917     0.31246 
    12.651491     3.70443     0.29105 
    13.231280     3.19745     0.25122 
    13.888178     2.65197     0.20772 
    14.652976     2.13221     0.16752 
    15.521021     1.82376     0.14329 
    16.444578     1.67461     0.13157 
    17.530626     1.19743     0.09379 
    18.722036     1.20067     0.09433 
    20.085455     0.81253     0.06384 
    21.686377     0.73751     0.05777 
    23.494160     0.55048     0.04325 
    25.939856     0.34300     0.02695 
    29.069281     0.26389     0.02073 
    33.439615     0.14421     0.01130 
    41.234121     0.06125     0.00481 
    63.205054     0.01209     0.00095 
    98.796454     0.00697     0.00055 
