#  rad density density_err 
     0.005331 47027.62194  3274.63936 
     0.008992 50623.59909  9295.47743 
     0.011012 49699.61428  7693.45293 
     0.013485 47027.62194  3936.16157 
     0.016514 47027.62194  3936.16157 
     0.020177 47027.62194  4600.01238 
     0.024652 47027.62194  5266.24811 
     0.030189 47462.76316  6667.22612 
     0.036800 47027.62194  7279.83106 
     0.044962 46169.27110  7146.95917 
     0.054809 46169.27110  9818.90321 
     0.062929 35022.97371  5421.52296 
     0.066965 45326.58693 12306.71294 
     0.082007 40211.75410  7383.66018 
     0.085084 36337.33043  2530.25026 
     0.100196 33446.68024  1392.80961 
     0.108355 29400.38504  2460.78073 
     0.122419 27819.73688  1158.48857 
     0.125849 28077.14974   778.22605 
     0.149571 23139.44926  2263.38795 
     0.182746 18211.80612  3081.08911 
     0.188733 20718.24756  1442.65830 
     0.199457 18895.26635   523.72797 
     0.223279 15861.82004   882.13774 
     0.251680 14600.00546   607.98345 
     0.272803 15572.30919  4925.91092 
     0.277875 12716.07317   352.45670 
     0.314665 10288.52265   142.36140 
     0.333310 13072.33046  6356.25463 
     0.377441  7733.08917   214.34125 
     0.407238  7522.34102   949.32574 
     0.440401  6314.70429   262.96125 
     0.497564  5109.20135   284.14263 
     0.503325  4924.39655   136.49155 
     0.567347  3911.58722   108.41909 
     0.607923  3283.62095   136.73880 
     0.629287  3022.40750   168.08788 
     0.655917  3022.40750   210.45705 
     0.744473  2422.99779   305.78435 
     0.754829  1855.03889   448.85640 
     0.909596  1381.50677    96.19743 
     0.974650  1394.28970   256.01871 
     1.111345   879.73732    48.92563 
     1.354718   661.23071   169.74251 
     1.357840   705.26611   265.92144 
     1.659009   402.11754   121.16597 
     1.985403   187.22034    23.62736 
     2.420186   131.93287    26.13802 
     2.856596    59.75208    16.22341 
     3.294949    38.04986    11.46517 
     3.731202    29.67242     2.06616 
     4.167242    20.15362     2.25684 
     4.683542    14.92678     1.74705 
     4.848649    14.80896     1.72151 
     5.005633    15.47940     1.81173 
     5.182906    11.10623     1.29107 
     5.383572    11.12019     1.29270 
     5.589702     9.64380     1.12872 
     5.825894     7.87048     0.91492 
     6.143140     5.00816     0.58616 
     6.519387     4.81924     0.56023 
     6.927135     3.80633     0.44550 
     7.375690     3.49813     0.40665 
     7.924556     2.31762     0.26942 
     8.630409     1.74731     0.20451 
     9.733370     0.84293     0.09799 
    11.270073     0.62939     0.07366 
    13.257332     0.38020     0.04420 
    16.003920     0.23313     0.02710 
    20.639586     0.09206     0.01077 
    26.808257     0.07060     0.00821 
    32.474517     0.07001     0.00819 
    37.430829     0.06551     0.00762 
    42.205688     0.05878     0.00683 
    46.490410     0.06538     0.00765 
    50.020286     0.07273     0.00845 
    53.214193     0.06930     0.00811 
    56.214316     0.07352     0.00855 
    58.773474     0.08833     0.01027 
    60.927068     0.09354     0.01095 
    62.970448     0.09132     0.01062 
    64.836407     0.10642     0.01246 
    66.582028     0.09786     0.01138 
    68.607535     0.07651     0.00889 
    71.081433     0.06044     0.00707 
    73.525585     0.07334     0.00853 
    75.438793     0.09377     0.01098 
    76.994219     0.10416     0.01211 
    78.691030     0.07774     0.00904 
    80.417131     0.09461     0.01107 
    81.991757     0.08855     0.01029 
    83.754668     0.07287     0.00853 
    85.457602     0.09174     0.01066 
    86.913767     0.09610     0.01117 
    88.293213     0.09756     0.01142 
    89.642831     0.09729     0.01131 
    91.140178     0.07753     0.00907 
    92.596488     0.10028     0.01166 
    93.876954     0.09575     0.01121 
