#  rad density density_err 
     0.015165  1614.43425   510.68594 
     0.025814  1570.43644   403.14191 
     0.032497  1690.52019   663.38637 
     0.040818  1786.57134   868.69762 
     0.051386  1527.63768   347.21384 
     0.064692  1599.63303   482.00109 
     0.073426  1224.67362   137.14143 
     0.081442  1786.57134   897.14339 
     0.092013  1236.00539   120.90001 
     0.102529  1629.37243   564.65003 
     0.108855  1306.23213    36.20538 
     0.110369  1047.17765   362.89364 
     0.129077  2128.23883  1788.36808 
     0.136097  1282.39071    17.74433 
     0.137990  1224.67362   102.50387 
     0.146841  1056.86706   318.45496 
     0.162498  2167.80575  1939.44934 
     0.162873  1282.39071    35.54456 
     0.165519  1076.51569   292.28694 
     0.184013  1513.63222   410.96933 
     0.190480  1236.00539    34.25888 
     0.202231  1472.38154   356.26632 
     0.204573  1445.50755   307.41873 
     0.217194  1202.32081    50.06787 
     0.220724  1445.50755   349.76373 
     0.230064  1690.52019   848.91041 
     0.238698  1472.38154   421.66438 
     0.244821  1137.68063   111.28236 
     0.257542  1556.03859   634.63897 
     0.272175  1066.64613   165.11580 
     0.275962  1659.66472   913.54712 
     0.294340  1445.50755   479.04045 
     0.299122  1000.04689   212.68180 
     0.309634  1086.47656    75.65381 
     0.321995  1406.11345   487.28086 
     0.323481  1330.51680   341.55288 
     0.326474  1009.30021   170.75428 
     0.331016  1318.31855   338.42151 
     0.353060   963.87422   176.98605 
     0.368001  1236.00539   280.92929 
     0.380933   946.28153   160.09273 
     0.386232  1056.86706    29.29362 
     0.407238  1116.91562   172.89747 
     0.408177   912.05360   141.18503 
     0.413856  1028.06450    42.81137 
     0.435360   863.01901   170.97790 
     0.441417   937.60597    52.14393 
     0.460096  1158.83169   384.03622 
     0.489608   801.71565   135.63495 
     0.496419   929.00994    64.68906 
     0.505649   981.79398   166.10075 
     0.512683   831.80277    46.25980 
     0.551885   920.49273   169.02037 
     0.571280   809.13384    33.69451 
     0.598203   847.26714   155.57473 
     0.606525   779.86668    54.30388 
     0.643945   679.23548    28.28519 
     0.645429   685.52037     9.48549 
     0.652903   731.17337    71.51981 
     0.661986   666.83803    18.48303 
     0.689999   666.83803    37.08547 
     0.693184   737.93883   167.72470 
     0.717544   613.79078    17.01269 
     0.734258   597.06328    16.54905 
     0.735951   630.98693    52.81293 
     0.812547   529.68828    22.05764 
     0.816298   539.53592    37.56910 
     0.827654   529.68828    36.88339 
     0.897116   465.60792    25.89427 
     0.965714   416.88893    34.89316 
     0.979149   387.27580     5.35870 
     0.992770   383.72524     5.30957 
     1.022937   369.84552    15.40136 
     1.061326   331.14665    13.78984 
     1.103694   387.27580   128.34300 
     1.116474   331.14665    37.08247 
     1.158374   405.52755   223.21890 
     1.224190   270.40851    18.82915 
     1.241220   310.47052   102.88977 
     1.287801   291.08536   100.87403 
     1.323880   208.93941    14.54892 
     1.379904   187.07699    20.94926 
     1.468415   178.65713     2.47206 
     1.488842   158.49675    17.74879 
     1.516522   164.44488     4.55799 
     1.548277   125.89844    41.72268 
     1.621245   128.23907    18.01410 
     1.655193   124.74420    13.96911 
     1.713360   152.76377    50.62583 
     1.794109   100.00469    15.48063 
     1.819067    95.50374    16.15740 
     1.958163    92.04927     3.83318 
     1.985403   118.03760    59.27368 
     2.041027    51.52528    37.85159 
     2.069421    80.91338     5.63418 
     2.202159    68.55204     3.81245 
     2.316588    58.61656     1.62470 
     2.420186    51.52528     1.42815 
     2.448210    49.66156     1.37649 
     2.482268    46.13392     2.56569 
     2.817402    50.58484    32.85219 
     2.856596    41.30669    15.57474 
     2.896335    43.25341    22.41246 
     3.294949    16.90520     6.63386 
     3.317789    37.32677    36.86542 
     3.426484    25.12004    10.63514 
     3.565432    11.83564     1.91999 
     3.715808    10.33833     1.67710 
     3.888865     8.24240     1.33709 
     4.044187    12.26146     1.98907 
     4.176894    10.09375     1.63742 
     4.311553    11.14419     1.80783 
     4.461345     7.80379     1.26594 
     4.630380     7.94686     1.28915 
     4.832970     5.19631     0.84295 
     5.057391     5.89999     0.94475 
     5.278437     4.89496     0.79407 
     5.509495     4.81363     0.78087 
     5.737247     4.63445     0.75181 
     6.030502     2.79314     0.45311 
     6.353091     3.32708     0.53972 
     6.662255     2.73260     0.44329 
     6.980578     2.84583     0.46165 
     7.314770     2.27180     0.36854 
     7.697470     1.95712     0.31749 
     8.125638     1.67931     0.26891 
     8.704869     0.98747     0.16019 
     9.349229     1.10553     0.17934 
    10.067991     0.70473     0.11432 
    11.047770     0.49444     0.08021 
    12.400385     0.30519     0.04951 
    13.971319     0.28040     0.04549 
    16.831745     0.08602     0.01395 
    23.600099     0.02738     0.00444 
    37.492221     0.00876     0.00142 
    53.351490     0.00853     0.00138 
