#  rad density density_err 
     0.003663  2472.82474   454.05872 
     0.005996  2095.04491   145.88270 
     0.007326  4257.87921  5038.22735 
     0.008992  2383.38025   300.78458 
     0.011012  4141.84018  4734.35936 
     0.013485  3113.10190  1815.16161 
     0.016514  3259.81787  2227.15492 
     0.020177  3170.97879  2112.76435 
     0.023006  2565.62593   811.57166 
     0.024652  3141.90708  2146.59655 
     0.025518  3056.28139  1933.74189 
     0.027660  3812.35502  4206.55238 
     0.030189  2787.36175  1489.17494 
     0.031467  2945.73271  1913.09819 
     0.033025  2565.62593  1046.40477 
     0.036800  2405.43340   833.58967 
     0.039161  1774.97948   173.61983 
     0.039523  1462.82824   574.03652 
     0.044962  1648.89627   231.62504 
     0.047299  2918.72607  2505.16335 
     0.048624  2839.18268  2284.51433 
     0.055062  1109.66870   720.67136 
     0.056604  2255.24297  1168.59087 
     0.060374  1875.82939   509.31022 
     0.067120   966.48104   676.77638 
     0.067897  1250.81574   302.65492 
     0.073426  1069.53090   436.21411 
     0.074791  1021.39408   480.46273 
     0.081255  1130.29898   207.54488 
     0.081442   914.52027   488.59129 
     0.082196   889.59706   518.69887 
     0.092013   849.55859   399.63149 
     0.092864   914.52027   303.07155 
     0.097241   726.42927   471.77754 
     0.100427   811.32216   318.37541 
     0.108855   668.64151   389.86594 
     0.110369   713.17044   313.05897 
     0.115040   693.73457   282.94349 
     0.116372   687.37437   269.73638 
     0.122701   531.12083   390.17293 
     0.129077   609.80831   229.92896 
     0.136097   536.03523   260.64032 
     0.139267   598.67805   153.68480 
     0.142511   561.29780   169.13014 
     0.146841   526.25149   174.39947 
     0.149916   458.34589   237.49938 
     0.153408   466.86717   197.65876 
     0.162873   458.34589   144.98627 
     0.165519   466.86717   112.96600 
     0.166667   526.25149    21.91453 
     0.176949   497.95871     6.89021 
     0.183168   410.38676    87.27770 
     0.184013   437.71692    42.81533 
     0.190480   414.18402    46.38116 
     0.199457   328.99806   119.01876 
     0.202231   418.01642    23.24752 
     0.217194   364.07708     5.03770 
     0.219709   381.23550    42.69152 
     0.220724   406.62431    92.42086 
     0.223794   367.44584    41.14733 
     0.238698   377.74031   119.48871 
     0.239248   526.25149   480.47461 
     0.244821   338.21537    67.00589 
     0.257542   350.90805   143.11980 
     0.272175   308.45608   102.22219 
     0.273432   273.64867    46.29612 
     0.275962   320.03195   140.48377 
     0.286318   332.04224   199.06739 
     0.294340   281.31529   114.73600 
     0.299122   254.21041    72.80143 
     0.326474   209.50449    44.55570 
     0.331016   240.54334   116.96114 
     0.334079   198.24093    39.27471 
     0.337947   211.44301    70.07211 
     0.342648   198.24093    50.88982 
     0.343438   229.71711   119.03166 
     0.353060   179.14032    32.89365 
     0.380933   153.17692    21.51719 
     0.386232   182.47078    85.83407 
     0.408177   133.41152    16.83665 
     0.410061   201.92651   173.31496 
     0.419613   180.79788   132.81806 
     0.435360   129.77569    33.31432 
     0.441417    94.01417    17.26283 
     0.489608    88.95971     1.23093 
     0.490737    76.77032    15.20943 
     0.496419    99.35583    22.58240 
     0.498711    64.44561    28.28956 
     0.519815    96.64810    32.02913 
     0.551885    93.15225    42.35101 
     0.553157    76.06648     9.59965 
     0.571280    89.78284    45.08529 
     0.583242    68.73744     9.65574 
     0.587285    91.45203    57.86267 
     0.606525    89.78284    64.40870 
     0.609325    84.95586    55.17435 
     0.645429    54.09951     4.52807 
     0.652903    73.99346    46.81645 
     0.661986    77.48066    59.61475 
     0.702828    51.19097    13.89896 
     0.717544    52.14268    19.66046 
     0.734258    44.58547     8.83310 
     0.744473    39.55427     2.19977 
     0.767094    39.92026     6.75374 
     0.799556    22.34567    14.13834 
     0.816298    25.42104     8.42452 
     0.827654    23.83380     8.98656 
     0.841102    12.74070    20.03615 
     0.897116    22.34567     4.42703 
     0.909596     9.66481    17.76295 
     0.941562    20.19265     3.41621 
     0.979149    21.14430     0.58607 
     0.981406    14.49417     8.21401 
     0.992770    15.03811     6.83697 
     1.061326    16.33779     1.13764 
     1.111345     7.89211     9.17927 
     1.158374    10.89415     3.94108 
     1.286747    11.09354     3.34483 
     1.480234     4.06767     1.28631 
     1.763325     2.99015     0.94557 
     2.039517     3.11478     0.98498 
     2.583437     0.73576     0.23267 
     3.387358     0.67075     0.20224 
     5.248085     0.10277     0.03250 
     9.510368     0.03003     0.00949 
    13.768092     0.03929     0.01243 
    16.467516     0.03933     0.01244 
    18.921158     0.03776     0.01139 
    21.309099     0.03212     0.01016 
    23.185992     0.04806     0.01520 
    24.585154     0.04725     0.01494 
    26.478845     0.02487     0.00786 
    28.787745     0.02764     0.00833 
    31.237292     0.01888     0.00597 
    33.221035     0.03775     0.01194 
    34.706172     0.02695     0.00852 
    35.979008     0.05239     0.01657 
