#  rad density density_err 
     0.005331  4465.87259   373.78875 
     0.006996  3680.49582   782.73777 
     0.008992  4465.87259   436.82985 
     0.011012  4507.19480   568.81176 
     0.013485  4344.16517   486.46839 
     0.016514  4344.16517   672.47263 
     0.020177  4148.64553   582.77176 
     0.024652  3998.58497   618.97714 
     0.026968  3176.18894   491.67102 
     0.030189  3783.60969   694.74433 
     0.036800  3482.62192   689.96322 
     0.041006  2546.28100   430.78202 
     0.044962  3061.30308   606.49321 
     0.054431  2060.18551   378.29013 
     0.054809  2617.61836   480.64564 
     0.066965  2098.48722   234.99284 
     0.068053  1651.60553   375.39025 
     0.081442  1361.15107   309.37342 
     0.082007  1621.46033    90.17574 
     0.095027  1121.77648   271.43181 
     0.100196  1196.48244    66.54106 
     0.108855   950.39978   216.01454 
     0.122419   866.77490   109.38772 
     0.136097   694.87443   168.13601 
     0.149571   682.19154    28.40829 
     0.162873   567.42221    71.60916 
     0.176949   527.11616    14.61030 
     0.182746   572.67250   105.15381 
     0.190480   480.73565     6.65190 
     0.204103   418.70325     5.79356 
     0.217194   354.73687    34.69863 
     0.223279   388.96124    43.55667 
     0.244821   292.35217    20.35714 
     0.272803   261.76184    18.22707 
     0.285660   227.98503     3.15461 
     0.326474   182.77060     7.61106 
     0.333310   181.09495    17.71382 
     0.367154   132.40559    12.95127 
     0.407238   115.32045     3.19638 
     0.408177   107.12882     8.96657 
     0.448589   104.20926    19.13485 
     0.489608    92.44988    26.47603 
     0.497564    91.60229    31.74427 
     0.530700    83.54228    36.67238 
     0.592719    48.96732     1.35725 
     0.607923    48.07356     2.00191 
     0.612137    45.48899     0.62943 
     0.734258    30.61303     1.27481 
     0.744473    29.50573     0.81782 
     0.856739    21.57279     1.50216 
     0.909596    17.61596     0.24375 
     1.039031    13.18388     4.16911 
     1.238603     4.54112     1.43603 
     1.544511     3.13346     0.99089 
     2.029263     1.22423     0.38713 
     2.552477     1.53663     0.48592 
     3.055447     0.86792     0.27446 
     3.811996     0.45733     0.14462 
     4.586765     0.54506     0.17236 
     5.168006     0.58561     0.18519 
     5.766399     0.41139     0.13009 
     6.339762     0.52759     0.16684 
     6.758008     0.65297     0.20649 
     7.163507     0.49336     0.15601 
     7.627938     0.43602     0.13788 
     8.084927     0.45207     0.14296 
     8.504486     0.46360     0.14660 
     8.983912     0.31910     0.10091 
     9.540491     0.29897     0.09454 
    10.157286     0.23192     0.07334 
    10.679817     0.40337     0.12756 
    11.092521     0.31468     0.09951 
    11.492912     0.44176     0.13319 
    11.839347     0.38624     0.12214 
    12.182947     0.38519     0.12181 
    12.584970     0.27203     0.08602 
    13.002517     0.33064     0.10456 
    13.442912     0.23188     0.07333 
    14.006363     0.18437     0.05830 
    14.587847     0.19958     0.06311 
    14.981440     0.44167     0.13967 
    15.174535     0.72006     0.22770 
    15.364925     0.44055     0.13931 
    15.567834     0.59891     0.18939 
    15.724837     0.70626     0.22334 
    15.944421     0.33738     0.10669 
    16.219417     0.38612     0.12210 
    16.511980     0.29121     0.09209 
    16.858895     0.26019     0.08228 
    17.142422     0.45462     0.14376 
    17.372904     0.35682     0.11284 
    17.637898     0.33023     0.10443 
    17.899908     0.35456     0.11212 
    18.122554     0.45148     0.14277 
    18.315579     0.45370     0.14347 
    18.550805     0.30759     0.09727 
    18.784008     0.45193     0.14291 
    18.964684     0.48267     0.15263 
    19.195441     0.28825     0.09115 
    19.448672     0.37398     0.11826 
    19.707710     0.29685     0.08950 
    19.933196     0.52629     0.16643 
    20.155338     0.26990     0.08535 
    20.451881     0.25895     0.08189 
    20.724555     0.31367     0.09919 
    20.930975     0.45259     0.14312 
    21.121017     0.35531     0.11236 
    21.372063     0.25677     0.08120 
    21.614089     0.37949     0.12001 
    21.812011     0.36156     0.11434 
    21.992479     0.45478     0.14381 
    22.142496     0.51010     0.16131 
    22.313382     0.35510     0.11229 
    22.505966     0.38369     0.12133 
    22.735099     0.25553     0.08080 
    23.010135     0.25051     0.07922 
    23.277674     0.26402     0.08349 
    23.497431     0.37515     0.11863 
    23.647401     0.56372     0.17826 
    23.883738     0.18862     0.05965 
    24.177032     0.28216     0.08923 
    24.359735     0.49458     0.15640 
    24.536158     0.29385     0.09292 
    24.748723     0.31464     0.09950 
    24.948761     0.32599     0.10309 
    25.153158     0.29691     0.09389 
    25.328173     0.45892     0.14512 
    25.483462     0.39561     0.11928 
    25.669511     0.31244     0.09880 
    25.890902     0.25158     0.07956 
    26.106273     0.32706     0.10342 
    26.250571     0.59327     0.18761 
    26.414727     0.26647     0.08426 
    26.600868     0.40934     0.12944 
    26.732636     0.50725     0.16041 
    26.913660     0.24169     0.07643 
    27.141887     0.27689     0.08756 
    27.331246     0.34882     0.11031 
    27.470481     0.51947     0.16427 
    27.597274     0.40597     0.12838 
    27.714650     0.61950     0.19590 
    27.824905     0.44752     0.14152 
    27.970111     0.34995     0.11066 
    28.137078     0.33014     0.10440 
    28.287315     0.43568     0.13777 
    28.447139     0.29368     0.09287 
    28.632481     0.30851     0.09756 
    28.838969     0.23706     0.07496 
    29.043591     0.31057     0.09821 
    29.215835     0.32417     0.10251 
    29.366844     0.40453     0.12792 
    29.491810     0.46538     0.14717 
    29.616165     0.40481     0.12801 
    29.729026     0.57584     0.18210 
    29.859929     0.31569     0.09983 
    30.033913     0.32541     0.09812 
    30.234758     0.23652     0.07479 
    30.442877     0.26993     0.08536 
    30.645471     0.24554     0.07765 
    30.883598     0.19465     0.06156 
    31.115476     0.25702     0.08128 
    31.286444     0.35592     0.11255 
    31.444583     0.29198     0.09233 
    31.619271     0.28596     0.09043 
    31.750440     0.58074     0.18365 
    31.866435     0.34285     0.10842 
    32.056207     0.21229     0.06713 
    32.258973     0.28741     0.09089 
    32.377614     0.74904     0.23687 
    32.486959     0.32006     0.10121 
    32.605415     0.58217     0.18410 
    32.701602     0.44844     0.14181 
    32.819434     0.38144     0.12062 
    32.950941     0.35546     0.11241 
    33.095821     0.31251     0.09882 
    33.263466     0.26375     0.08341 
    33.409643     0.42938     0.13578 
    33.507027     0.56664     0.17919 
    33.664356     0.20481     0.06477 
    33.863081     0.28208     0.08920 
    33.988030     0.56227     0.17781 
    34.096112     0.35127     0.11108 
    34.250627     0.29018     0.08749 
    34.421251     0.28006     0.08856 
    34.576656     0.31590     0.09990 
    34.701069     0.44479     0.14065 
    34.810662     0.39390     0.12456 
    34.934367     0.34688     0.10969 
    35.079363     0.28597     0.09043 
    35.222031     0.35668     0.11279 
    35.354355     0.32629     0.10318 
    35.502106     0.28457     0.08999 
    35.676351     0.23362     0.07388 
    35.866884     0.23341     0.07381 
    36.025300     0.34864     0.11025 
    36.146266     0.38216     0.12085 
    36.252847     0.44822     0.14174 
    36.382863     0.26988     0.08534 
    36.527281     0.34376     0.10871 
    36.642701     0.41728     0.13196 
    36.769792     0.28838     0.09119 
    36.928893     0.25637     0.08107 
    37.043464     0.70395     0.22261 
    37.145091     0.30127     0.09527 
    37.302781     0.24640     0.07792 
    37.436253     0.45330     0.14335 
    37.553565     0.30092     0.09516 
    37.687294     0.33351     0.10547 
    37.815816     0.32270     0.10205 
    37.937552     0.37109     0.11735 
    38.035411     0.55679     0.16788 
    38.129638     0.39457     0.12477 
    38.210929     0.73337     0.23191 
    38.285116     0.45394     0.14355 
    38.392928     0.33418     0.10568 
    38.490104     0.58815     0.18599 
    38.582587     0.35976     0.11377 
    38.717279     0.26568     0.08402 
    38.853057     0.35061     0.11087 
    38.989254     0.26241     0.08298 
    39.152396     0.23811     0.07530 
    39.303727     0.30691     0.09705 
    39.443564     0.27312     0.08637 
    39.551827     0.58498     0.18499 
    39.631098     0.44743     0.14149 
    39.731352     0.36169     0.11437 
    39.851314     0.30918     0.09777 
    39.968987     0.37503     0.11860 
    40.103756     0.24293     0.07682 
    40.242565     0.34615     0.10946 
    40.363381     0.30955     0.09789 
    40.478924     0.37913     0.11989 
    40.595443     0.30314     0.09586 
    40.700060     0.48941     0.15476 
    40.814225     0.26272     0.08308 
    40.944345     0.34764     0.10993 
    41.060245     0.32305     0.10216 
    41.203872     0.23092     0.07302 
