#  rad density density_err 
     0.032497   197.89555    27.79894 
     0.040818   166.12539    67.75516 
     0.051386   177.18870    53.39046 
     0.104918   253.76751    65.14388 
     0.108855   253.76751    61.40312 
     0.129077   237.92278    33.42167 
     0.136097   256.11559    65.74665 
     0.146167   225.13137    12.52043 
     0.162498   244.58849    44.91120 
     0.162873   237.92278    30.02605 
     0.190480   237.92278    30.02605 
     0.202698   213.02767     8.87104 
     0.204573   251.44096    57.14953 
     0.217194   256.11559    61.97127 
     0.244821   240.12425    37.17100 
     0.257542   251.44096    53.47441 
     0.272175   218.99592     6.07000 
     0.299122   213.02767     8.87104 
     0.323481   166.12539    72.92372 
     0.326474   196.08123    33.17319 
     0.353060   207.22207    17.34427 
     0.377441   209.13948    11.63106 
     0.380933   223.06736     9.28912 
     0.407238   207.22207    14.42934 
     0.408177   249.13573    52.98415 
     0.435360   246.85164    45.32676 
     0.489608   229.31688    22.43066 
     0.512683   253.76751    65.14388 
     0.544313   170.77961    59.18273 
     0.571280   172.35981    57.11995 
     0.645429   256.11559    84.87657 
     0.756569   187.25612    18.31648 
     0.790403   169.21389    35.98703 
     0.843041   152.91005    52.99013 
     0.979149   158.64852    24.55864 
     1.022937   187.25612    26.30439 
     1.051596   192.50234    43.75349 
     1.061326   157.19402    15.37595 
     1.224190   139.45562    11.67229 
     1.287801   158.64852    31.43081 
     1.360971   143.36265    18.09249 
     1.461668   101.96145    27.68376 
     1.468415   115.99413     6.45089 
     1.621245   101.96145     4.24595 
     1.713360    85.59256    15.71646 
     1.769493    98.27341    11.00485 
     1.887334    80.24833     3.34176 
     1.958163    76.63656     1.06041 
     2.202159    50.16907    15.86973 
     2.414620    54.50496     6.10358 
     2.448210    46.60538     3.90082 
     2.690598    40.96718     2.85264 
     2.850026    42.89790    15.51880 
     2.936627    42.89790    21.54158 
     2.943396    40.59159    17.18536 
     3.426484    18.72561     2.63044 
     3.474151    18.21529     2.03978 
     3.952290    15.29100     3.47546 
     4.007271    14.07460     2.38115 
     4.146651    10.64437     1.70446 
     4.293706     9.41876     1.50821 
     4.445812     9.26257     1.48320 
     4.595682     9.06408     1.45141 
     4.753721     7.81541     1.25147 
     4.937986     6.23948     0.99912 
     5.149528     5.43876     0.87090 
     5.396476     4.22446     0.67645 
     5.675082     3.83848     0.61465 
     6.012279     2.65088     0.42448 
     6.479888     1.75514     0.28105 
     7.097660     1.26783     0.20301 
     8.357271     0.40598     0.06501 
    10.465900     0.25474     0.04028 
    12.906045     0.19296     0.03090 
    15.419328     0.15885     0.02544 
    17.832245     0.15188     0.02432 
    19.883249     0.17245     0.02761 
    21.871619     0.13099     0.02098 
    23.921773     0.13418     0.02149 
    25.905602     0.11781     0.01886 
    27.654521     0.15331     0.02455 
    28.985874     0.17864     0.02861 
    30.332515     0.13692     0.02192 
    32.071634     0.09757     0.01562 
    34.116524     0.08638     0.01383 
    36.099271     0.09247     0.01481 
    37.680082     0.12650     0.02026 
