#  rad density density_err 
     0.007326   695.88416    87.82116 
     0.011165   670.71335    46.70328 
     0.012327   600.53310    58.74122 
     0.014992   695.88416    87.82116 
     0.018317   611.69784    42.59390 
     0.019004   695.88416    87.82116 
     0.022483   628.83535    17.42969 
     0.023815   670.71335    46.70328 
     0.027469   634.65389     8.78165 
     0.029981   646.45299    17.91801 
     0.033485   623.07016    25.94631 
     0.037831   702.32309    98.65728 
     0.041006   600.53310    58.74122 
     0.047517   715.38026   121.02865 
     0.049986   623.07016    25.94631 
     0.059820   658.47145    36.62017 
     0.061214   628.83535    17.42969 
     0.074619   652.43455    18.08380 
     0.075309   623.07016    17.26990 
     0.091379   695.88416    87.82116 
     0.094809   683.18284    66.82561 
     0.111647   721.99959   143.03969 
     0.119357   658.47145    45.85085 
     0.136411   683.18284    76.50419 
     0.150262   646.45299    26.92004 
     0.166667   611.69784    16.95468 
     0.189168   683.18284   105.75605 
     0.203633   595.02738    24.77854 
     0.238149   568.24674    31.60242 
     0.248799   563.03702    31.31269 
     0.299812   634.65389   144.24927 
     0.303983   573.50466    39.93442 
     0.371406   523.04246    51.16146 
     0.376573   504.12351    28.03628 
     0.453784   477.02040    94.50539 
     0.474077   375.43689    42.04218 
     0.554433   284.79801    73.10962 
     0.596827   300.97952     8.34237 
     0.677406   226.22310    41.53896 
     0.751361   230.42890    25.80389 
     0.827654   174.79820     7.27907 
     0.945908   156.50815    33.28487 
     1.190827    74.90951     6.26985 
     1.238365    67.69194     6.62129 
     1.499163    54.26714    20.46149 
     1.513034    44.31359     3.70900 
     1.848625    20.25522     4.01288 
     1.951274    11.08548     3.34240 
     2.028684    11.68012     3.52169 
     2.104252    10.76993     3.24726 
     2.179824    10.86887     3.27709 
     2.259157     9.14144     2.75625 
     2.332321    12.19411     3.67666 
     2.406663     8.34910     2.51735 
     2.487681     9.39492     2.83268 
     2.588279     5.35594     1.61488 
     2.708524     5.65991     1.70653 
     2.852498     3.53240     1.06506 
     3.037285     2.94345     0.88748 
     3.176479     6.67547     2.01273 
     3.295973     3.39566     1.02383 
     3.482483     2.32100     0.69981 
     3.636945     5.21353     1.57194 
     3.737300     4.32223     1.30320 
     3.854861     3.58331     1.08041 
     4.004662     2.52901     0.76253 
     4.173254     2.55293     0.76974 
     4.390399     1.47706     0.44535 
     4.761619     0.77818     0.23463 
     5.387618     0.41685     0.12569 
     6.107633     0.43398     0.13085 
     6.823791     0.36263     0.10468 
     8.273555     0.09945     0.02999 
     9.927937     0.14931     0.04502 
    11.314525     0.09719     0.02930 
    12.438197     0.21482     0.06477 
    13.065334     0.22368     0.06744 
    13.609726     0.26267     0.07920 
    14.421133     0.10714     0.03230 
    15.555510     0.09910     0.02988 
    16.517484     0.13446     0.04054 
    17.120674     0.24457     0.07374 
    17.584391     0.19547     0.05894 
    18.131927     0.16484     0.04970 
    18.904560     0.09651     0.02910 
    19.670088     0.15573     0.04695 
    20.397375     0.09720     0.02931 
    21.181790     0.12052     0.03634 
    21.822688     0.13460     0.04058 
    22.300642     0.21813     0.06577 
    22.675843     0.19771     0.05961 
    23.137226     0.14216     0.04286 
    23.781898     0.09724     0.02932 
    24.352284     0.18736     0.05649 
    24.726089     0.19456     0.05866 
    25.162575     0.13668     0.04121 
    25.608731     0.17838     0.05378 
    26.092332     0.11490     0.03464 
    26.525374     0.23393     0.07053 
    26.899902     0.13939     0.04203 
    27.411749     0.11471     0.03459 
    27.878421     0.16676     0.05028 
    28.357730     0.10607     0.03198 
    28.938622     0.10435     0.03146 
    29.458468     0.12921     0.03896 
    29.924950     0.12368     0.03729 
    30.403748     0.11883     0.03583 
    30.728693     0.34467     0.10392 
    30.882215     0.39994     0.12059 
    31.174259     0.13850     0.03998 
    31.525851     0.21290     0.06419 
    31.866758     0.13050     0.03935 
    32.234854     0.17230     0.05195 
    32.571947     0.14973     0.04515 
    32.997529     0.10779     0.03250 
    33.431047     0.13971     0.04212 
    33.823201     0.12641     0.03811 
    34.294568     0.09573     0.02886 
    34.761315     0.12584     0.03794 
    35.157039     0.12729     0.03838 
    35.583175     0.10671     0.03217 
    36.044974     0.10501     0.03166 
    36.481095     0.11713     0.03532 
    36.906045     0.10776     0.03249 
    37.280240     0.15238     0.04594 
    37.542148     0.21627     0.06521 
    37.812919     0.14206     0.04283 
    38.216221     0.09530     0.02873 
    38.568231     0.20325     0.06128 
    38.850420     0.13213     0.03984 
    39.252275     0.09640     0.02907 
    39.636020     0.14490     0.04369 
    39.887097     0.22243     0.06707 
    40.093793     0.20209     0.06093 
    40.301615     0.21766     0.06563 
    40.591364     0.11352     0.03423 
    40.914481     0.16067     0.04845 
    41.136686     0.23896     0.07205 
    41.361180     0.15625     0.04711 
    41.579797     0.25312     0.07632 
    41.782334     0.17552     0.05292 
    42.032136     0.15966     0.04814 
    42.372284     0.09851     0.02970 
    42.684891     0.19930     0.06009 
    42.893599     0.19287     0.05815 
    43.161600     0.12504     0.03770 
    43.549242     0.09726     0.02808 
    43.870176     0.20898     0.06301 
    44.112914     0.13475     0.04063 
    44.352885     0.21287     0.06418 
    44.598384     0.12846     0.03873 
    44.889494     0.14097     0.04251 
    45.125350     0.19889     0.05997 
    45.379372     0.12326     0.03717 
    45.643309     0.17849     0.05382 
    45.862897     0.17020     0.05132 
    46.101658     0.14996     0.04521 
    46.392358     0.11500     0.03467 
    46.733497     0.10579     0.03190 
    47.104748     0.09569     0.02885 
    47.409864     0.16645     0.05019 
    47.593115     0.25429     0.07667 
    47.765982     0.18228     0.05496 
    48.013857     0.12374     0.03731 
    48.326720     0.10943     0.03299 
    48.623661     0.13699     0.04130 
    48.906604     0.11812     0.03561 
    49.199970     0.12544     0.03782 
    49.523875     0.09708     0.02927 
    49.809004     0.17052     0.05142 
    50.080738     0.10362     0.03124 
    50.350138     0.17260     0.05204 
    50.585697     0.12834     0.03870 
    50.866487     0.11790     0.03555 
    51.157471     0.11798     0.03557 
    51.436504     0.12700     0.03829 
    51.668597     0.17272     0.05208 
    51.870042     0.16328     0.04923 
    52.092967     0.14054     0.04237 
    52.358278     0.11471     0.03459 
    52.587150     0.20024     0.06038 
    52.760073     0.18477     0.05571 
    52.981489     0.12553     0.03785 
    53.215676     0.16038     0.04835 
    53.432011     0.15709     0.04535 
    53.663034     0.13912     0.04194 
    53.908225     0.12692     0.03827 
    54.264628     0.07061     0.02129 
    54.633588     0.11404     0.03439 
    54.920555     0.10881     0.03281 
    55.170602     0.15319     0.04619 
    55.387286     0.13972     0.04213 
    55.656134     0.10099     0.03045 
    55.943630     0.11875     0.03581 
    56.195593     0.12959     0.03907 
    56.443969     0.12100     0.03648 
    56.651563     0.19455     0.05866 
    56.829223     0.15679     0.04727 
    57.066175     0.11058     0.03334 
    57.358644     0.09926     0.02993 
    57.658871     0.10365     0.03125 
    57.929138     0.12206     0.03680 
    58.177813     0.12048     0.03633 
    58.412485     0.13649     0.04115 
    58.630635     0.13778     0.04154 
    58.829662     0.16411     0.04948 
    58.998347     0.19018     0.05734 
    59.231666     0.09516     0.02869 
    59.468732     0.18003     0.05428 
    59.691502     0.10400     0.03136 
    59.937631     0.13893     0.04189 
    60.185844     0.10164     0.03065 
    60.395663     0.21720     0.06549 
    60.627125     0.08765     0.02643 
    60.930117     0.10391     0.03133 
    61.180915     0.12714     0.03833 
    61.436939     0.09930     0.02994 
    61.672640     0.15392     0.04641 
    61.878862     0.12408     0.03741 
    62.111215     0.11908     0.03591 
    62.329621     0.14036     0.04232 
    62.513222     0.16761     0.05054 
