#  rad density density_err 
     0.003161 24156.16268  3048.52797 
     0.006351 23715.26302  3331.34884 
     0.012878 23282.41069  1948.71283 
     0.012908 21828.70369  4008.17457 
     0.031612 18493.87618   255.89817 
     0.032052 18156.32490   251.22750 
     0.040818 14826.13484   824.53924 
     0.048961 14029.03975  1372.25218 
     0.064692 10642.11495  1191.72553 
     0.067585 10163.14088  1138.08905 
     0.068053  9016.29153   501.43117 
     0.075136  8453.33238   352.01947 
     0.081442  7638.84936   318.10221 
     0.089094  7362.54472  1139.71491 
     0.095027  6412.50838   536.72008 
     0.099277  6237.74972   787.20924 
     0.108855  5432.85289   685.63059 
     0.110879  5236.34130   586.37608 
     0.112163  4954.82073   275.55692 
     0.122419  4560.66262   575.55944 
     0.134230  3828.49378   320.44083 
     0.136097  3758.61589   314.59212 
     0.144494  3069.21948   213.71667 
     0.147180  3427.89843   432.60365 
     0.149571  3213.86734   223.78883 
     0.162873  2722.87651   113.38789 
     0.169375  2393.46976   133.11020 
     0.176949  2371.52630    98.75673 
     0.183168  2306.89563   193.08469 
     0.190480  2123.38109   118.08951 
     0.204103  1901.20061   132.38489 
     0.217194  1686.66155   117.44605 
     0.219709  1625.65336    67.69657 
     0.244821  1339.76289    55.79133 
     0.255769  1233.18418    51.35310 
     0.285660  1006.99646    41.93404 
     0.292313   926.88946    12.82529 
     0.326474   763.88494    10.56981 
     0.328737   729.50445    20.21998 
     0.367154   647.18426    72.47300 
     0.408177   518.83342    50.74975 
     0.448589   419.78600    29.23065 
     0.489608   309.76186    39.09221 
     0.530700   257.64869    39.88377 
     0.612137   195.44652    21.88650 
     0.734258   124.45947    24.65742 
     0.767094   110.41497    25.09601 
     0.856739    82.22956    26.01127 
     0.943732    55.85061    32.56491 
     0.981406    59.57005    19.74148 
     1.199082    48.64385     4.07144 
     1.207393    40.83457     6.32115 
     1.415301    29.58203     2.47598 
     1.471800    25.52866     3.95181 
     1.632483    27.99161    10.55427 
     1.737196    22.64790     6.48596 
     1.848625    22.64790    12.46633 
     2.075226     8.46892     2.11723 
     2.260074     5.01202     1.25301 
     2.485137     4.54764     1.13691 
     2.709724     4.19812     1.04953 
     2.929287     4.03820     1.00955 
     3.185843     2.68371     0.67093 
     3.410481     4.93050     1.23262 
     3.661155     1.98777     0.49694 
     4.062335     1.38545     0.34636 
     4.503950     1.31248     0.32812 
     4.930600     1.22234     0.30558 
     5.343577     1.18124     0.29531 
     5.817368     0.80444     0.20111 
     6.384720     0.67536     0.16884 
     6.907394     0.81061     0.20265 
     7.464362     0.51757     0.12939 
     8.063035     0.58681     0.14670 
     8.870983     0.26636     0.06659 
     9.758521     0.37418     0.09355 
    10.486315     0.32028     0.08007 
    11.316161     0.24962     0.06241 
    12.089579     0.32639     0.08160 
    12.651900     0.41994     0.10499 
    13.237801     0.27778     0.06944 
    13.843673     0.35427     0.08857 
    14.436683     0.26454     0.06613 
    15.081099     0.27145     0.06786 
    15.739041     0.23319     0.05830 
    16.439618     0.21900     0.05475 
    17.068862     0.27068     0.06767 
    17.617521     0.26466     0.06616 
    18.198255     0.22741     0.05685 
    18.764154     0.26276     0.06569 
    19.300624     0.23710     0.05928 
    19.935062     0.17930     0.04483 
    20.531436     0.25821     0.06455 
    21.068879     0.20329     0.05082 
    21.609900     0.24172     0.06043 
    22.258122     0.14143     0.03536 
    22.954941     0.18973     0.04743 
    23.419042     0.31653     0.07913 
    23.895495     0.17488     0.04372 
    24.370018     0.30764     0.07691 
    24.720881     0.28450     0.07113 
    25.094314     0.26371     0.06593 
    25.485241     0.25165     0.06291 
    25.883114     0.24676     0.06169 
    26.250906     0.28795     0.07199 
    26.626091     0.23130     0.05783 
    27.056494     0.21040     0.05260 
    27.420950     0.32979     0.08245 
    27.735868     0.26364     0.06591 
    28.078439     0.26920     0.06730 
    28.428761     0.24625     0.06156 
    28.887688     0.15909     0.03977 
    29.342401     0.24424     0.06106 
    29.665275     0.29557     0.07389 
    30.098583     0.14683     0.03671 
    30.625653     0.17397     0.04349 
    30.985559     0.33980     0.08495 
    31.219793     0.35994     0.08999 
    31.460779     0.31696     0.07924 
    31.868029     0.14291     0.03573 
    32.379953     0.16923     0.04231 
    32.725916     0.34246     0.08562 
    33.029507     0.20290     0.05073 
    33.388378     0.22580     0.05645 
    33.765301     0.18126     0.04531 
    34.090661     0.31834     0.07958 
    34.331033     0.30141     0.07535 
    34.632967     0.20552     0.05138 
    34.965135     0.23757     0.05939 
    35.319377     0.17939     0.04485 
    35.730157     0.16984     0.04246 
    36.073074     0.26519     0.06630 
    36.336949     0.26793     0.06698 
    36.624186     0.22220     0.05555 
    36.875839     0.36271     0.09068 
    37.123103     0.22554     0.05638 
    37.470837     0.17366     0.04342 
    37.782070     0.29160     0.07290 
    38.093042     0.17105     0.04276 
    38.498238     0.15765     0.03941 
    38.882710     0.18746     0.04686 
    39.189966     0.24506     0.06127 
    39.480704     0.20390     0.05098 
    39.771066     0.24217     0.06054 
    40.085722     0.17408     0.04352 
    40.373098     0.30058     0.07515 
    40.629967     0.20623     0.05156 
    40.968638     0.16644     0.04161 
    41.308689     0.20102     0.05025 
    41.583202     0.25267     0.06317 
    41.821042     0.26097     0.06524 
    42.064009     0.23965     0.05991 
    42.276019     0.35141     0.08785 
    42.510334     0.20154     0.05039 
    42.776932     0.25227     0.06307 
    43.079134     0.16044     0.04011 
    43.362750     0.29539     0.07385 
    43.532588     0.41524     0.10381 
    43.805246     0.14373     0.03593 
    44.087863     0.35922     0.08980 
    44.281065     0.25489     0.06372 
    44.517828     0.23073     0.05768 
    44.748457     0.26673     0.06668 
    44.976112     0.23399     0.05850 
    45.245805     0.18923     0.04731 
    45.524151     0.21574     0.05394 
    45.789149     0.20543     0.05136 
    46.068409     0.19207     0.04802 
    46.315991     0.26514     0.06628 
    46.582397     0.16797     0.04199 
    46.920288     0.15492     0.03873 
    47.220256     0.21606     0.05401 
    47.437395     0.29067     0.07267 
    47.683011     0.17421     0.04355 
    47.970557     0.19768     0.04942 
    48.252479     0.17871     0.04468 
    48.523029     0.21351     0.05338 
    48.783177     0.19016     0.04754 
    49.003589     0.31244     0.07811 
    49.249557     0.15879     0.03970 
    49.587011     0.14702     0.03676 
    49.889996     0.19886     0.04971 
    50.155833     0.18462     0.04616 
    50.374070     0.31306     0.07827 
    50.553797     0.25443     0.06361 
    50.747503     0.26490     0.06622 
    51.023942     0.13732     0.03433 
    51.314983     0.22697     0.05674 
    51.547870     0.19989     0.04997 
    51.842277     0.14376     0.03594 
    52.134755     0.20077     0.05019 
    52.397379     0.17236     0.04309 
    52.687981     0.16152     0.04038 
    52.964539     0.18937     0.04734 
    53.183216     0.26098     0.06524 
    53.396517     0.19615     0.04904 
    53.624723     0.22265     0.05566 
    53.801319     0.33829     0.08457 
    54.019026     0.15953     0.03988 
    54.260074     0.25151     0.06288 
    54.442682     0.26186     0.06547 
    54.654747     0.18977     0.04744 
    54.918191     0.16479     0.04120 
    55.168604     0.21033     0.05258 
    55.381505     0.22283     0.05571 
    55.602366     0.19458     0.04864 
    55.815676     0.23856     0.05964 
    56.063184     0.14953     0.03738 
    56.307128     0.24563     0.06141 
    56.509134     0.20493     0.05123 
