#  rad density density_err 
     0.041865    19.75070     3.91293 
     0.075657    33.38739    21.68335 
     0.104918    29.34827    12.42525 
     0.136097    20.68152     2.61003 
     0.146167    26.03649     5.91778 
     0.162873    23.31216     1.29648 
     0.190480    24.86466     3.84903 
     0.202698    45.66490    59.70219 
     0.217194    22.26294     0.61707 
     0.244821    18.51751     5.30309 
     0.272175    17.68408     6.12832 
     0.281740    31.30275    17.73961 
     0.299122    17.04443     6.95167 
     0.326474    17.68408     5.59392 
     0.353060    17.36131     6.01647 
     0.380933    20.30404     1.69943 
     0.391605    28.02738    11.86602 
     0.408177    21.85659     0.60581 
     0.435360    18.17952     4.39883 
     0.489608    15.12107     7.83523 
     0.544313    17.04443     5.13582 
     0.571280    13.29176     9.53529 
     0.583242    32.77800    25.79536 
     0.652903    15.54471     6.09998 
     0.734258    14.44051     6.79280 
     0.756569    34.32278    34.54962 
     0.790403    24.41083     9.95609 
     0.816298    16.27731     3.46172 
     0.897116    13.66415     6.21231 
     0.941562    23.52786    10.69678 
     0.979149    12.57716     6.71947 
     1.051596    18.86177     2.91978 
     1.061326    13.66415     4.52829 
     1.224190    14.84508     1.24252 
     1.305716    19.21244     7.53926 
     1.461668    12.34760     2.26726 
     1.468415    15.83370     3.13691 
     1.670509    15.12107     4.55628 
     1.713360    14.44051     3.70698 
     1.769493    13.29176     2.24871 
     2.013337     9.87674     3.12330 
     2.087298    11.23204     3.55188 
     2.169793     7.55369     2.38869 
     2.264242     7.65757     2.42154 
     2.334735    13.85704     4.38198 
     2.397400     8.71957     2.75737 
     2.479517     7.28578     2.30397 
     2.557593     9.14431     2.89168 
     2.623965     9.37582     2.96489 
     2.690700     8.60020     2.71962 
     2.758822     8.55085     2.70401 
     2.818690    10.80228     3.41598 
     2.884101     7.02528     2.22159 
     2.985690     4.27719     1.35257 
     3.077140     8.87600     2.80684 
     3.184867     3.17926     1.00537 
     3.316114     4.55730     1.44115 
     3.420460     4.95107     1.49281 
     3.523766     4.37513     1.38354 
     3.612593     5.91977     1.87200 
     3.692530     5.04400     1.59505 
     3.839158     1.99494     0.63086 
     4.025762     2.39015     0.75583 
     4.232339     1.51784     0.47998 
     4.401240     4.01561     1.26985 
     4.582567     1.27404     0.40289 
     4.790576     2.31655     0.73256 
     5.010923     1.06840     0.33786 
     5.425502     0.55153     0.17441 
     5.978781     0.46321     0.14648 
     6.626955     0.33279     0.10524 
     7.737150     0.13725     0.04340 
    13.128663     0.01306     0.00413 
    24.409231     0.00491     0.00155 
    36.152649     0.00431     0.00136 
