#  rad density density_err 
     0.033333  1269.88846   289.65241 
     0.100000  1285.18479   148.20009 
     0.166667  1116.00355    93.49166 
     0.233333   929.53464   123.94720 
     0.336667   705.28651    72.06724 
     0.476667   496.58727    40.71745 
     0.616667   377.88145    24.65882 
     0.756667   277.24618    20.45314 
     0.896667   206.71195    23.45357 
     1.036667   153.83869    13.49913 
     1.176667   112.89263     9.30353 
     1.316667    87.59223     8.74556 
     1.456667    75.64245     6.21101 
     1.596667    56.29445     7.14702 
     2.166667    28.99116     1.83899 
     3.072897    12.96544     2.36716 
     3.189116    13.29664     2.42762 
     3.309687    11.22286     2.04900 
     3.452160     8.84315     1.61453 
     3.641060     5.92300     1.08139 
     3.839066     7.12250     1.30038 
     4.003997     7.68117     1.40238 
     4.165603     6.82408     1.24590 
     4.339737     6.10204     1.11408 
     4.538123     4.86035     0.88737 
     4.788647     3.50370     0.63969 
     5.051012     3.93621     0.71865 
     5.303250     3.51964     0.63215 
     5.576251     3.03984     0.55500 
     5.883346     2.44065     0.44560 
     6.228467     2.14293     0.39124 
     6.576194     2.14981     0.39250 
     6.993917     1.37163     0.25042 
     7.563407     0.98444     0.17973 
     8.212800     0.88418     0.16143 
     9.133103     0.44188     0.08068 
    10.499478     0.29345     0.05358 
    15.436272     0.03716     0.00678 
    31.291525     0.00652     0.00119 
    49.479189     0.00743     0.00136 
    62.261295     0.00610     0.00111 
    72.471887     0.00840     0.00153 
