#  rad density density_err 
     0.175731  5627.52129  2295.21579 
     0.281092  3965.67525   500.47154 
     0.412904  3359.82879  1215.45601 
     0.499860  4076.77879   112.99778 
     0.640986  4002.36919    55.38044 
     0.963493  3752.46929    51.92259 
     0.999652  3650.20409    50.50756 
     1.326932  2953.36516   499.65287 
     1.499163  3064.20027    42.39907 
     1.999166  2620.09566   109.10782 
     2.499475  2179.30064   151.74962 
     2.998118  1796.04472   175.68033 
     3.998055  1254.05663   212.16238 
     4.998604   769.69231    10.65017 
     5.995822   547.41557    38.11778 
     6.995983   326.82641    55.29278 
     7.142475   463.78548   218.16421 
     7.995557   274.35770    22.96345 
     8.991844   171.52094    24.09402 
     9.657145   156.42896     4.33581 
     9.996518   157.87638    33.57586 
    10.785710   112.28381     4.67580 
    10.960964   102.40405     1.41696 
    10.986232   133.75719    58.71512 
    11.908272    62.85172    21.78092 
    11.990816    67.65769    12.42327 
    12.997169    39.65675    24.43134 
    13.057161    57.32145     0.79315 
    13.991000    30.64200    18.87762 
    14.185634    37.18066     7.36609 
    15.305543    32.38301     0.89757 
    15.916543    29.53365     3.72717 
    17.054883    21.99465     2.15141 
    17.947747    15.07864     0.54732 
    18.408751    13.79612     0.50077 
    18.903612    12.43044     0.45120 
    19.403916    12.79568     0.46445 
    19.919354    11.14066     0.40438 
    20.474730    10.41641     0.37809 
    21.072928     9.09916     0.33028 
    21.730260     8.11922     0.29471 
    22.435053     7.43740     0.26978 
    23.219039     6.17105     0.22399 
    24.106126     5.38186     0.19535 
    25.104138     4.51858     0.16401 
    26.328209     3.31701     0.12040 
    27.848255     2.61804     0.09503 
    29.755305     1.88191     0.06831 
    32.363313     1.22028     0.04429 
    36.003248     0.79487     0.02885 
    41.045070     0.50201     0.01822 
    47.515441     0.35917     0.01304 
    54.878401     0.28782     0.01045 
    62.228763     0.27523     0.00999 
    69.409913     0.23810     0.00864 
    76.081440     0.26349     0.00956 
    82.085003     0.24636     0.00894 
    87.721192     0.25987     0.00943 
    93.093197     0.23831     0.00865 
    98.363426     0.24102     0.00875 
   103.386638     0.23600     0.00857 
   108.296048     0.22915     0.00832 
   113.020250     0.23334     0.00847 
   117.457431     0.23952     0.00869 
   121.639715     0.24395     0.00886 
   125.688564     0.23867     0.00866 
   129.750356     0.22726     0.00825 
   133.662644     0.24243     0.00880 
   137.254727     0.25498     0.00925 
   140.710546     0.24845     0.00902 
   144.158393     0.24357     0.00884 
   147.604537     0.23708     0.00861 
   151.011365     0.23796     0.00864 
   154.383943     0.23126     0.00839 
   157.684792     0.23804     0.00864 
   160.833235     0.24396     0.00886 
   163.884426     0.24377     0.00885 
   166.840132     0.25073     0.00910 
   169.768525     0.23965     0.00870 
   172.699944     0.24172     0.00877 
   175.693322     0.22229     0.00807 
   178.595179     0.24952     0.00906 
   181.252080     0.25637     0.00930 
   183.839046     0.25559     0.00928 
   186.334383     0.26791     0.00972 
   188.732844     0.26926     0.00977 
   191.118149     0.26407     0.00959 
   193.550771     0.25250     0.00917 
   195.981330     0.25796     0.00936 
   198.359987     0.25718     0.00934 
   200.657969     0.27020     0.00981 
   202.859552     0.27377     0.00994 
   205.054257     0.26605     0.00966 
   207.140930     0.29768     0.01081 
   209.154037     0.27940     0.01014 
   211.217577     0.27764     0.01008 
