#  rad density density_err 
     0.005331  4912.82730   136.17088 
     0.008992  5004.16357   138.70249 
     0.011012  4823.15809   133.68548 
     0.013485  5486.95625  1007.51189 
     0.016514  4823.15809    66.73762 
     0.020177  5337.42146   749.76241 
     0.024652  5436.65153   919.77741 
     0.030189  5386.80801   833.87275 
     0.036800  5436.65153   998.27496 
     0.044962  5588.96638  1352.34003 
     0.054809  5588.96638  1434.72639 
     0.066965  5337.42146  1213.13229 
     0.082007  4867.78622   614.31870 
     0.100196  4358.44427   120.80482 
     0.122419  4278.89370   297.94902 
     0.149571  4278.89370   847.71742 
     0.182746  4124.12194  1304.56293 
     0.223279  3071.36547   213.86610 
     0.272803  2225.00759   344.42906 
     0.333310  1937.90060    53.71360 
     0.407238  1353.10500   268.07179 
     0.497564  1304.16187   258.37537 
     0.607923   919.03383   155.48294 
     0.744473   596.11699    49.89435 
     0.909596   431.84858    98.15404 
     1.111345   274.99924    62.50405 
     1.199082   180.02445    22.71924 
     1.357840   136.56251    11.43014 
     1.659009    81.53264     5.67730 
     1.935748    54.36652     1.50690 
     2.026977    44.80552     5.65449 
     2.684409    19.55832     1.63701 
     2.969383    10.46225     1.67530 
     3.148204    12.49098     2.00016 
     3.320997     9.95525     1.59412 
     3.512108     9.08755     1.45517 
     3.718864     7.62007     1.22019 
     3.920813     8.56377     1.37130 
     4.128894     6.49934     1.04073 
     4.345147     7.09986     1.13689 
     4.580648     5.02244     0.80423 
     4.888495     3.67085     0.58781 
     5.264026     2.91025     0.46601 
     5.655637     2.90301     0.46485 
     6.017504     2.98398     0.47782 
     6.478913     1.65998     0.26581 
     7.120304     1.23538     0.19782 
     7.836795     1.08895     0.17437 
     8.619673     0.85888     0.13753 
     9.480314     0.74160     0.11875 
    10.394955     0.63093     0.10103 
    11.359483     0.55607     0.08904 
    12.446663     0.41846     0.06701 
    13.698841     0.34519     0.05527 
    15.013200     0.31414     0.05030 
    16.021550     0.55297     0.08855 
    16.804709     0.42666     0.06832 
    17.845694     0.28597     0.04579 
    18.896523     0.37100     0.05941 
    19.893157     0.28164     0.04510 
    20.882319     0.34148     0.05468 
    21.872550     0.25566     0.04094 
    22.909751     0.28094     0.04499 
    23.926250     0.24277     0.03887 
    24.896471     0.28597     0.04579 
    25.747168     0.29060     0.04653 
    26.528848     0.31886     0.05106 
    27.364117     0.24215     0.03877 
    28.269267     0.25135     0.04025 
    29.148704     0.24053     0.03852 
    29.931602     0.30475     0.04880 
    30.640691     0.27460     0.04397 
    31.346864     0.29351     0.04700 
    31.936124     0.38572     0.06176 
    32.433449     0.38995     0.06244 
    32.974520     0.31831     0.05097 
    33.584198     0.29431     0.04713 
    34.192034     0.30890     0.04946 
    34.845819     0.24744     0.03962 
    35.446489     0.36371     0.05824 
    36.025117     0.25495     0.04083 
    36.723788     0.23425     0.03751 
    37.359238     0.30244     0.04843 
    37.880784     0.33187     0.05314 
    38.384485     0.31481     0.05041 
    38.951580     0.25680     0.04112 
    39.539411     0.28278     0.04528 
    40.097890     0.27553     0.04412 
    40.590103     0.36185     0.05794 
    41.077092     0.27406     0.04388 
    41.556362     0.36684     0.05874 
    41.977315     0.34013     0.05446 
    42.474401     0.26122     0.04183 
    43.026909     0.26441     0.04234 
    43.530462     0.30896     0.04947 
    44.028458     0.26377     0.04224 
    44.588207     0.23795     0.03810 
    45.096114     0.31951     0.05116 
    45.546435     0.29004     0.04644 
    46.071771     0.23196     0.03714 
    46.658646     0.22436     0.03593 
    47.204690     0.26343     0.04218 
    47.683378     0.28408     0.04549 
    48.173804     0.24654     0.03948 
    48.721059     0.22277     0.03567 
    49.225725     0.28825     0.04616 
    49.688318     0.25612     0.04101 
    50.153934     0.27906     0.04468 
    50.628400     0.24256     0.03884 
    51.144347     0.23053     0.03691 
    51.602066     0.30924     0.04952 
    52.019714     0.26735     0.04281 
    52.483987     0.24525     0.03927 
    52.919611     0.30151     0.04828 
    53.298745     0.31539     0.05050 
    53.649541     0.34812     0.05574 
    53.994654     0.32121     0.05144 
    54.345934     0.33136     0.05306 
    54.656639     0.41038     0.06571 
    55.010056     0.26234     0.04201 
    55.380743     0.36007     0.05766 
    55.735280     0.27996     0.04483 
    56.115107     0.30568     0.04895 
    56.407202     0.49492     0.07925 
    56.698839     0.30330     0.04857 
    57.056294     0.30734     0.04921 
    57.459610     0.23864     0.03821 
    57.818869     0.40380     0.06466 
    58.093278     0.37760     0.06046 
    58.426345     0.27726     0.04440 
    58.757632     0.37809     0.06054 
    59.074328     0.29682     0.04753 
    59.443273     0.27200     0.04355 
    59.816191     0.28670     0.04591 
    60.170999     0.29670     0.04751 
    60.488487     0.35718     0.05719 
    60.816334     0.27704     0.04436 
    61.173093     0.29400     0.04708 
    61.475972     0.38739     0.06203 
    61.746462     0.35858     0.05742 
    62.029703     0.34971     0.05600 
    62.315012     0.35014     0.05607 
    62.613685     0.31685     0.05074 
    62.880679     0.44641     0.07148 
    63.151178     0.30727     0.04920 
    63.445929     0.36284     0.05810 
    63.742801     0.30044     0.04811 
    64.107681     0.23869     0.03822 
    64.484890     0.27598     0.04419 
    64.795849     0.35071     0.05616 
    65.074369     0.33598     0.05380 
    65.350114     0.35494     0.05684 
    65.642263     0.29857     0.04781 
    66.006730     0.22811     0.03653 
    66.357836     0.32257     0.05165 
    66.677431     0.26657     0.04269 
    67.085107     0.19849     0.03178 
    67.454828     0.33669     0.05391 
    67.718812     0.35992     0.05763 
    67.988958     0.31963     0.05118 
    68.277691     0.31150     0.04988 
    68.579115     0.29102     0.04660 
    68.890938     0.28819     0.04615 
    69.188573     0.31742     0.05083 
    69.482108     0.29344     0.04699 
    69.786092     0.29303     0.04692 
    70.101115     0.27118     0.04342 
    70.420229     0.28277     0.04528 
    70.741735     0.26484     0.04241 
    71.055118     0.29565     0.04734 
    71.344888     0.30626     0.04904 
    71.619595     0.32663     0.05230 
    71.888494     0.31690     0.05074 
    72.147040     0.35169     0.05631 
    72.400595     0.32662     0.05230 
    72.675238     0.29779     0.04768 
    72.979309     0.26469     0.04238 
    73.280218     0.30199     0.04836 
    73.557926     0.30692     0.04915 
