#  rad density density_err 
     0.012500  6120.99357  4046.87694 
     0.037500  5145.43295  1914.78440 
     0.066667  5426.52644  1104.04276 
     0.100000  4740.47569   788.18231 
     0.158333  4096.58456   444.77370 
     0.266667  3529.57101   366.62109 
     0.416667  2376.96027   194.95271 
     0.583333  1638.78479   152.89438 
     0.750000  1164.18480   102.55924 
     0.958333   748.03501    50.40145 
     1.208333   461.65966    36.12598 
     1.458333   320.71696    20.95813 
     1.708333   214.20121    26.19547 
     2.000000   169.98943    45.29753 
     2.333333   118.69213    35.71917 
     2.750000    91.28973    22.76322 
     3.333333    43.89569    11.00796 
     4.083333    29.74554     7.63611 
     5.000000    18.13101     4.54251 
     5.899963    11.06442     1.15355 
     6.092723    14.74459     1.54565 
     6.260776    13.37282     1.39421 
     6.451805    10.83553     1.13587 
     6.658227    10.69232     1.11475 
     6.871285     9.66660     1.00781 
     7.101483     8.49937     0.89098 
     7.348712     7.82891     0.81622 
     7.601719     7.57520     0.79410 
     7.860399     7.00691     0.73052 
     8.151386     5.68224     0.59241 
     8.450014     6.09669     0.63911 
     8.744024     5.45652     0.56888 
     9.085271     4.24415     0.44491 
     9.493263     3.50242     0.36515 
     9.926251     3.46594     0.36135 
    10.356691     3.21271     0.33678 
    10.850048     2.44728     0.25515 
    11.415417     2.19009     0.22958 
    12.029959     1.87318     0.19529 
    12.821731     1.22299     0.12751 
    13.830235     0.96674     0.10134 
    15.284815     0.52465     0.05470 
    17.836261     0.24779     0.02598 
    26.569815     0.03884     0.00405 
    47.479934     0.01116     0.00116 
    71.904836     0.00949     0.00100 
    88.619590     0.01353     0.00141 
   101.184246     0.01108     0.00116 
