#  rad density density_err 
     0.012500  8134.21142  3003.03698 
     0.035833  6548.10230  2374.11900 
     0.054167  7335.25905  2249.83620 
     0.068333  7888.88193  2104.05103 
     0.087500  7532.08922  1488.55797 
     0.116667  6333.08703  1316.02721 
     0.158333  5868.34254   944.62783 
     0.208333  5047.95478   814.92459 
     0.283333  4381.42575   573.95559 
     0.391667  3489.91987   344.24860 
     0.516667  2558.08786   253.51570 
     0.666667  1956.66040   146.47110 
     0.833333  1548.87174   100.25029 
     1.016667  1146.87334    96.84626 
     1.225000   826.44785    45.35139 
     1.416667   603.83107    49.63641 
     2.600000   156.03264    13.15074 
     3.133333   105.49101    11.08204 
     3.666667    70.66680    11.47084 
     4.633333    38.92382     4.98234 
     6.033333    18.71610     2.52349 
     7.007399    14.78976     1.31758 
     7.207705    13.43323     1.19673 
     7.414032    13.15962     1.17235 
     7.614679    13.45322     1.19851 
     7.808301    13.41194     1.19483 
     8.022416    10.55869     0.94064 
     8.263808     9.86285     0.87865 
     8.518383     8.94743     0.79710 
     8.811975     7.02218     0.62559 
     9.132290     6.93682     0.61798 
     9.474411     5.75654     0.51283 
     9.875888     4.66507     0.41560 
    10.321776     4.25587     0.37914 
    10.776827     4.10234     0.36547 
    11.301738     2.97600     0.26512 
    11.941656     2.45651     0.21884 
    12.692371     1.93192     0.17211 
    13.786094     1.06206     0.09462 
    15.206415     0.89649     0.07987 
    17.375571     0.40251     0.03586 
    21.815279     0.15290     0.01362 
    35.863311     0.02532     0.00226 
    69.408472     0.00642     0.00057 
