#  rad density density_err 
     0.125000    56.90900    14.37948 
     0.333333    58.36882    10.99469 
     0.500000    52.74496    10.23210 
     0.708333    43.46913     6.37139 
     0.958333    39.28086     6.19390 
     1.208333    34.13351     4.82914 
     1.500000    26.55712     3.28597 
     1.833333    22.70811     2.17428 
     2.250000    14.76321     1.37225 
     2.833333     8.85484     0.75531 
     2.927300     9.40093     2.35023 
     3.018930     9.29722     2.32431 
     3.111414     8.68440     2.17110 
     3.229597     5.89457     1.42964 
     3.341036     9.43835     2.35959 
     3.447007     5.63120     1.40780 
     3.589315     4.62412     1.15603 
     3.729985     5.67077     1.37536 
     3.859402     5.03981     1.25995 
     4.039405     2.75186     0.68796 
     4.234047     3.75424     0.93856 
     4.386944     4.23612     1.02741 
     4.523376     4.42324     1.10581 
     4.670849     3.25152     0.81288 
     4.962162     1.23671     0.30918 
     5.377568     1.20987     0.29344 
     5.767915     1.21010     0.30253 
     6.248012     0.68458     0.17114 
     6.842683     0.62653     0.15663 
     7.583693     0.40175     0.09744 
     8.547251     0.28672     0.07168 
     9.447516     0.35398     0.08850 
    10.374032     0.22487     0.05622 
    11.804249     0.12958     0.03143 
    13.867719     0.07787     0.01947 
    18.590292     0.01933     0.00483 
    28.751935     0.00669     0.00167 
    40.636701     0.00595     0.00149 
