#  rad density density_err 
     0.003663  2359.50089    98.25596 
     0.005996  2997.92073  1315.99112 
     0.007326  2587.14128   475.04946 
     0.008992  2709.06949   775.83023 
     0.011012  3053.65623  1484.80155 
     0.013485  3139.20838  1727.94827 
     0.016514  3257.01790  2060.75003 
     0.020177  3287.15471  2301.82342 
     0.024652  3139.20838  2091.59631 
     0.030189  2587.14128  1055.17993 
     0.036800  1999.03383   167.31699 
     0.044962  1647.47998   137.89231 
     0.055062  1544.61463    42.81273 
     0.067120  1502.51960   168.25518 
     0.082196  1098.55080   138.63803 
     0.100427   983.60368    13.61004 
     0.122701   699.55223   138.59251 
     0.136097   511.46998   265.02650 
     0.149571   449.59363   240.19974 
     0.149916   632.15000     8.74701 
     0.162873   449.59363   148.99510 
     0.176949   395.20292   149.01174 
     0.183168   581.86220   184.05757 
     0.190480   391.57968    89.00139 
     0.204103   344.20735    88.36041 
     0.217194   353.85077    29.61693 
     0.223794   380.90804    37.25857 
     0.244821   311.04279     8.62130 
     0.272175   288.94830    44.72892 
     0.273432   297.04356    58.84909 
     0.285660   249.35618    10.38386 
     0.299122   233.78689    13.00180 
     0.326474   196.25474     2.71556 
     0.334079   305.36562   256.60002 
     0.353060   167.81089     2.32198 
     0.367154   160.25816     4.44194 
     0.380933   151.64222     6.31479 
     0.408177   189.15601   113.40362 
     0.421550   199.90338   164.40355 
     0.435360   134.53031    30.57714 
     0.448589   116.09677    11.35602 
     0.489608    96.56509     5.37036 
     0.498711   100.18902    16.95007 
     0.530700    82.56959     5.74951 
     0.571280    76.70438    12.97691 
     0.609325    74.61397    24.72703 
     0.612137    61.49222     2.56070 
     0.652903    54.05304     3.00610 
     0.680532    71.25579    46.27688 
     0.734258    43.33314     3.01738 
     0.744473    32.57018    10.30276 
     0.816298    36.04293     5.06305 
     0.856739    31.10428     2.60339 
     0.897116    30.25660     5.99432 
     0.909596    23.81333     3.00526 
     0.943732    29.97921    10.84532 
     0.979149    21.91897     0.30329 
     1.061326    20.36199     3.15202 
     1.195274    11.47000     3.62713 
     1.293252    15.40880     4.87269 
     1.387940    10.47120     3.31128 
     1.488859    11.57818     3.66134 
     1.608147     6.76706     2.13993 
     1.745843     7.05900     2.23225 
     1.894834     4.97480     1.57317 
     2.120405     2.65881     0.84079 
     2.405140     2.30432     0.72869 
     2.739660     1.52127     0.48107 
     3.273630     0.70864     0.22409 
     4.469924     0.20865     0.06598 
     7.727733     0.04283     0.01354 
    12.438696     0.02774     0.00877 
    15.760542     0.04972     0.01572 
    18.382157     0.02695     0.00852 
    21.231657     0.03015     0.00953 
    22.889126     0.08395     0.02655 
    24.402794     0.02966     0.00938 
    26.317932     0.03707     0.01172 
    27.501574     0.07863     0.02486 
    28.382107     0.05471     0.01730 
    29.427033     0.05079     0.01606 
    30.456992     0.05251     0.01661 
    31.300776     0.07343     0.02322 
    32.312339     0.03702     0.01171 
    33.770166     0.02973     0.00940 
    35.261940     0.03227     0.01021 
    36.643584     0.03183     0.01006 
    37.771516     0.04728     0.01495 
    38.726779     0.04031     0.01275 
    39.668723     0.04641     0.01468 
    40.560470     0.04270     0.01350 
    42.229878     0.01557     0.00493 
    43.748619     0.05890     0.01862 
