#  rad density density_err 
     0.007326  3628.41333   877.95279 
     0.012327  3497.17008  1053.76656 
     0.014992  3870.05159   543.63689 
     0.018317  3799.41518   642.78835 
     0.022483  4015.28849   336.07534 
     0.027469  4165.97591    57.64425 
     0.033485  4484.52814   375.35020 
     0.041006  5008.60467  1359.89634 
     0.049986  4484.52814   438.65465 
     0.054431  3942.00122   329.94128 
     0.061214  5008.60467  1434.37697 
     0.074619  5342.15831  2178.82891 
     0.081442  3834.57074   320.94946 
     0.091379  5491.82581  2757.77132 
     0.108855  3730.06804   312.20270 
     0.111647  4526.02297   962.55757 
     0.136097  3595.14784   300.91002 
     0.136411  4652.82538  1471.80505 
     0.162873  3433.33953   287.36684 
     0.166667  4695.87744  1915.23967 
     0.190480  3218.96870   360.46662 
     0.203633  3905.86073   887.75560 
     0.217194  3074.09124   300.69260 
     0.244821  2855.72744   360.39519 
     0.248799  2990.31372    82.88377 
     0.272175  2628.55310   406.89751 
     0.299122  2510.24872   352.62161 
     0.303983  2580.57659   215.99150 
     0.326474  2353.51383   297.01542 
     0.353060  2331.93668   129.68810 
     0.371406  2310.55736    31.97098 
     0.380933  2268.38493    31.38745 
     0.408177  2186.33524    91.04487 
     0.435360  1869.46248   182.86169 
     0.453784  2166.29079   397.77312 
     0.489608  1628.23376   182.33291 
     0.554433  1554.95116    64.75234 
     0.571280  1431.25413    59.60127 
     0.652903  1179.55108    82.13480 
     0.677406  1212.59774    67.43729 
     0.734258  1027.34605    28.47538 
     0.816298  1008.59487   199.81881 
     0.827654  1017.92728   246.30383 
     0.897116   945.62023   327.69947 
     0.979149   758.08299   172.30323 
     1.011227   737.42313   211.18511 
     1.061326   672.53789   182.60212 
     1.224190   478.31803    74.04318 
     1.238365   428.26911     5.92592 
     1.468415   316.02159    26.45067 
     1.513034   262.85531    25.71122 
     1.713360   203.10319    16.99952 
     1.848625    90.30603   112.40109 
     1.935748   141.81323    30.15968 
     1.958163   161.33060     4.47167 
     2.202159   130.53193    18.33618 
     2.448210    99.93480    12.61186 
     2.684409    64.22687    11.79330 
     2.690598    73.06624     2.02521 
     2.936627    58.03858     1.60868 
     3.124991    50.08605     2.78548 
     3.871228    21.66291     6.85252 
     4.611569    16.58505     1.15485 
     4.850338    15.35570     1.82239 
     5.011573    13.01908     1.55608 
     5.186544    11.98740     1.43277 
     5.352506    13.82248     1.64043 
     5.522321    10.79432     1.29017 
     5.727188     8.72955     1.04338 
     5.951201     8.43183     1.00067 
     6.189834     7.14019     0.85342 
     6.473208     5.46939     0.65372 
     6.810202     4.61788     0.54804 
     7.147381     4.94770     0.59136 
     7.509086     3.63311     0.43424 
     7.878023     4.35308     0.51662 
     8.236694     3.48754     0.41684 
     8.665511     2.73659     0.32709 
     9.151515     2.45868     0.29179 
     9.597139     2.98388     0.35664 
    10.033295     2.29765     0.27462 
    10.531556     2.09052     0.24810 
    11.035012     2.04512     0.24444 
    11.546990     1.81941     0.21746 
    11.986408     2.70480     0.32100 
    12.334083     2.60448     0.31130 
    12.731500     1.95315     0.23345 
    13.153761     2.16666     0.25714 
    13.530755     2.30318     0.27528 
    13.900889     2.09379     0.25026 
    14.292739     1.97196     0.23403 
    14.703922     1.79783     0.21488 
    15.080231     2.23074     0.26662 
    15.427389     2.01704     0.23938 
    15.793288     1.91347     0.22870 
    16.140568     2.11793     0.25314 
    16.469875     2.06216     0.24473 
    16.803528     1.98152     0.23684 
    17.098930     2.54305     0.30395 
    17.410240     1.77135     0.21022 
    17.761558     1.86555     0.22298 
    18.053870     2.48427     0.29693 
    18.360659     1.68532     0.20001 
    18.684997     2.10320     0.25138 
    18.996005     1.73249     0.20707 
    19.301159     2.15411     0.25565 
    19.575903     2.04935     0.24494 
    19.863573     1.88441     0.22523 
    20.149535     2.04461     0.24265 
    20.443723     1.73502     0.20737 
    20.742401     1.89612     0.22663 
    21.006569     2.19501     0.26050 
    21.262427     1.96502     0.23487 
    21.518972     2.10077     0.25109 
    21.749610     2.41840     0.28701 
    21.957985     2.51276     0.30033 
    22.198018     1.80437     0.21566 
    22.482062     1.73355     0.20573 
    22.743338     2.10586     0.25170 
    22.980566     2.00458     0.23959 
    23.223252     1.99806     0.23713 
    23.477644     1.78894     0.21382 
    23.727522     2.00228     0.23932 
    23.969008     1.89737     0.22518 
    24.214968     1.88985     0.22588 
    24.449672     2.01658     0.24103 
    24.672163     2.09113     0.24817 
    24.898747     1.91099     0.22841 
    25.137707     1.81803     0.21730 
    25.393892     1.65673     0.19662 
    25.643458     1.88453     0.22524 
    25.864455     2.03699     0.24347 
    26.081072     1.95361     0.23185 
    26.287817     2.21060     0.26422 
    26.484319     2.08982     0.24978 
    26.706860     1.73555     0.20597 
    26.920271     2.26106     0.27025 
    27.126780     1.78574     0.21344 
    27.361022     1.73166     0.20551 
    27.564559     2.39757     0.28656 
    27.762689     1.76249     0.21066 
    27.979329     1.96437     0.23313 
    28.174467     2.14113     0.25591 
    28.364289     2.01462     0.24079 
    28.563645     1.94164     0.23043 
    28.751503     2.25329     0.26932 
    28.936592     1.94239     0.23216 
    29.140051     1.85805     0.22051 
    29.341506     1.95511     0.23368 
    29.542656     1.81222     0.21660 
    29.767196     1.57525     0.18695 
    29.997942     1.68425     0.20131 
    30.213775     1.74623     0.20871 
    30.401256     2.26918     0.26930 
    30.573076     2.02626     0.24218 
    30.736582     2.46283     0.29436 
    30.915680     1.73210     0.20556 
    31.095947     2.39627     0.28641 
    31.273624     1.73065     0.20685 
    31.471316     1.89431     0.22481 
    31.658888     1.89604     0.22662 
    31.841445     1.94905     0.23296 
    32.034804     1.70240     0.20204 
    32.229282     1.90189     0.22732 
    32.409024     1.93413     0.23117 
    32.590377     1.87447     0.22246 
    32.776880     1.80768     0.21606 
    32.965595     1.78434     0.21327 
    33.157244     1.75763     0.20859 
    33.354690     1.66181     0.19862 
    33.531637     2.17294     0.25972 
    33.695445     1.91948     0.22780 
    33.863419     2.04046     0.24388 
    34.019245     2.17717     0.26022 
    34.200687     1.55510     0.18456 
    34.397547     1.78688     0.21357 
    34.575700     1.84073     0.22001 
    34.751408     1.84368     0.21880 
    34.913597     2.15593     0.25768 
    35.068224     1.97025     0.23549 
    35.236911     1.82074     0.21608 
    35.414152     1.76385     0.21082 
    35.584094     1.93825     0.23167 
    35.743916     1.99941     0.23729 
    35.890196     2.30890     0.27597 
    36.028981     2.16044     0.25822 
    36.188780     1.76943     0.20999 
    36.360450     1.83616     0.21946 
    36.538893     1.60461     0.19179 
