#  rad density density_err 
     0.012500  2470.75415   638.39034 
     0.037500  2218.85812   397.64560 
     0.075000  1852.80423   258.42620 
     0.125000  1358.71864   176.22186 
     0.175000  1002.37340   132.28608 
     0.225000   613.80374    90.69549 
     0.308333   405.40540    71.16500 
     0.433333   227.57761    28.63921 
     0.583333   133.63787    19.74630 
     0.833333    50.11059     5.50328 
     1.250000    12.96670     2.85297 
     1.833333     3.95211     0.45894 
     2.295266     0.95537     0.30211 
     3.163097     0.54807     0.16525 
     5.073736     0.11158     0.03528 
     8.108010     0.06027     0.01906 
    13.841418     0.01401     0.00443 
    20.806839     0.01471     0.00443 
    26.218900     0.01190     0.00376 
    30.370787     0.01637     0.00518 
    34.089502     0.01102     0.00348 
    38.110084     0.01207     0.00364 
    40.954105     0.02063     0.00652 
    43.346838     0.01265     0.00400 
    46.166066     0.01260     0.00398 
    49.091393     0.01041     0.00329 
