#  rad density density_err 
     0.005331 12284.08998  2972.33254 
     0.008992 12982.04137  3717.83010 
     0.011012 11839.76245  1494.18794 
     0.013485 12284.08998  2255.59785 
     0.016514 11623.66243  1301.64120 
     0.020177 11306.88536  1105.98432 
     0.024652 10897.90427   758.84565 
     0.030189 10217.46100   283.20162 
     0.036800  9668.14130   267.97590 
     0.044962  8899.03652   246.65830 
     0.054809  8736.61079   363.81594 
     0.066965  8116.01776   451.36343 
     0.082007  7401.89617   515.41072 
     0.100196  6566.63669   457.24972 
     0.122419  5879.53512   575.10742 
     0.149571  5264.32858   814.91305 
     0.182746  4419.19320   557.70588 
     0.223279  3510.28993   244.42940 
     0.272803  3142.98992   714.36415 
     0.333310  2450.99818   485.58202 
     0.407238  2134.73017   837.70127 
     0.497564  1205.98801    83.97566 
     0.607923  1012.37868   127.76304 
     0.744473   740.18962   103.97649 
     0.909596   521.60649    80.74419 
     1.111345   300.15321    29.35952 
     1.357840   203.86515    11.33774 
     1.659009   143.66236    12.02439 
     2.026977    95.79503    18.97853 
     3.458526     8.17025     1.78290 
     3.585994     7.14504     1.52333 
     3.695986    10.85219     2.36814 
     3.773397    12.38893     2.70349 
     3.862923     8.04423     1.75539 
     3.974290     7.64930     1.63084 
     4.096040     6.35861     1.38756 
     4.214108     7.35664     1.60535 
     4.317571     7.80992     1.70426 
     4.417258     7.54711     1.64691 
     4.517126     7.79178     1.66121 
     4.619920     6.81810     1.48783 
     4.711521     9.20145     2.00792 
     4.792611     8.19608     1.78853 
     4.885059     7.18123     1.53104 
     5.008531     4.53545     0.98972 
     5.159261     4.19764     0.91600 
     5.345033     2.87871     0.62819 
     5.516302     4.83461     1.05500 
     5.682566     2.97370     0.63400 
     5.894227     2.62376     0.57255 
     6.112488     2.48084     0.54136 
     6.332788     2.39684     0.52303 
     6.561251     2.25424     0.48061 
     6.852949     1.40686     0.30700 
     7.161127     1.73058     0.37764 
     7.486636     1.17073     0.25547 
     8.103346     0.48405     0.10563 
     8.843953     0.62931     0.13417 
     9.792572     0.26914     0.05873 
    11.291871     0.17104     0.03732 
    12.832095     0.19294     0.04210 
    14.251894     0.16493     0.03516 
    16.117100     0.09254     0.02019 
    18.132092     0.10302     0.02248 
    20.658440     0.04957     0.01082 
    23.084553     0.09547     0.02035 
    24.906170     0.06532     0.01425 
    26.500520     0.11120     0.02427 
    27.590921     0.11574     0.02526 
    28.933833     0.07047     0.01538 
    30.554050     0.07157     0.01526 
    32.289536     0.05536     0.01208 
    33.769707     0.09075     0.01980 
    35.090357     0.06142     0.01340 
    36.714761     0.05616     0.01197 
    38.150266     0.07469     0.01630 
    39.234155     0.08563     0.01869 
    40.320292     0.07040     0.01536 
    41.472064     0.07156     0.01562 
    42.439570     0.10200     0.02175 
    43.234397     0.09901     0.02161 
    44.400515     0.04852     0.01059 
    45.643441     0.07837     0.01710 
    46.537611     0.08811     0.01878 
    47.504862     0.06511     0.01421 
    48.615462     0.06027     0.01315 
    49.858796     0.04980     0.01087 
    50.899672     0.08925     0.01948 
