#  rad density density_err 
     0.041865   544.64880   247.62075 
     0.075657   673.15729    65.84496 
     0.104918  1018.86478   577.40187 
     0.146167   839.68530   190.85046 
     0.190480   636.96644   126.19326 
     0.202698   717.98695    19.90074 
     0.217194   673.15729    75.38151 
     0.244821   692.01666    57.92105 
     0.272175   679.38593    76.07901 
     0.281740  1247.71832  1139.18343 
     0.299122   704.88221    39.20125 
     0.306795   648.80853   128.53937 
     0.326474   685.67222    76.78296 
     0.353060   685.67222    76.78296 
     0.380933   692.01666    67.68969 
     0.391605   982.01145   461.93718 
     0.408177   731.33533    10.11942 
     0.435360   613.92674   175.81791 
     0.489608   679.38593    95.43523 
     0.544313  1000.26841   486.36781 
     0.571280   717.98695    29.89891 
     0.652903   920.69663   319.06234 
     0.686829  1009.52377   506.94174 
     0.734258  1018.86478   527.94138 
     0.756569  1527.97607  2062.73879 
     0.816298   863.21018   234.37193 
     0.897116   608.29823   156.15437 
     0.979149   591.72041   160.65920 
     1.051596  1148.46179   985.73293 
     1.061326   660.87078    46.01792 
     1.106238   717.98695    60.09474 
     1.224190   636.96644    17.65506 
     1.461668   809.31306   419.35874 
     1.468415   554.77458    46.43404 
     1.534083   711.40441   257.35858 
     1.713360   405.61738   146.73667 
     1.769493   636.96644   249.95552 
     1.958163   313.41267   177.61440 
     1.967201   575.59439   243.69088 
     2.026977   260.68531   214.39151 
     2.202159   278.04594   139.62335 
     2.397998   465.71106   256.34635 
     2.448210   267.98874    72.76216 
     2.690598   296.56272    41.65899 
     2.817402   161.47919   113.07547 
     2.830406   248.95253     6.90032 
     2.850026   220.85974    31.02478 
     2.936627   208.98569    26.37417 
     3.067953   173.82673    47.19604 
     3.264741   182.01893     2.51858 
     3.426484   155.63833     6.48120 
     3.696994   128.26748     5.34140 
     3.934130   120.25871    11.76312 
     3.952290   101.88648    14.31228 
     4.129037    94.64911     5.26381 
     4.157658    95.52489     1.32177 
     4.558781    67.93859     7.60790 
     4.795664    45.72109    22.95927 
     4.907369    63.69664     8.03857 
     5.068142    58.62955     9.91900 
     5.430612    44.06731     4.31045 
     5.660421    47.00202    20.63238 
     5.859341    38.73616    12.25322 
     6.135483    13.18611    16.68607 
     6.178012    30.48713     7.82626 
     6.292870    26.55318     3.73000 
     6.409863    34.68299    24.28669 
     6.727423    19.95798     1.95219 
     7.035668    13.06367     1.13276 
     7.257508    13.56633     1.18080 
     7.470152    13.37157     1.15946 
     7.687395    12.37151     1.07275 
     7.927444    10.29058     0.89568 
     8.188458     9.77332     0.84745 
     8.477637     7.95545     0.68983 
     8.814832     6.61052     0.57537 
     9.198841     5.64710     0.48967 
     9.635957     4.70649     0.40810 
    10.122695     4.09563     0.35648 
    10.758768     2.57046     0.22289 
    11.569655     2.13646     0.18525 
    12.768593     1.06734     0.09290 
    14.939501     0.50598     0.04387 
    18.376425     0.28277     0.02452 
    22.529420     0.22032     0.01918 
    26.852802     0.17857     0.01548 
    31.067958     0.16965     0.01471 
    34.819359     0.17304     0.01506 
    38.158872     0.17377     0.01507 
    41.127758     0.18746     0.01625 
    43.838998     0.17902     0.01558 
    46.298004     0.20401     0.01769 
    48.489570     0.20380     0.01767 
    50.824290     0.16355     0.01424 
    53.049224     0.20756     0.01800 
    55.031265     0.18840     0.01634 
    57.164193     0.16523     0.01438 
    59.340578     0.16759     0.01453 
    61.497766     0.15747     0.01365 
    63.453409     0.19188     0.01670 
