#  rad density density_err 
     0.005832   462.99487   225.12538 
     0.009837   450.37698   240.61825 
     0.011991   480.37034   195.92171 
     0.014650   403.25168   289.28599 
     0.017818   521.88664   141.69849 
     0.021820   458.75011   223.06141 
     0.026659   512.36114   154.38455 
     0.032647   536.50797   121.94187 
     0.039797   593.71248    41.34154 
     0.048848   681.67314    86.02772 
     0.059545   797.21632   312.84006 
     0.072753   882.21854   499.96294 
     0.089094  1090.37574  1056.35424 
     0.095027   890.38161   533.80540 
     0.108605  1533.12011  2741.16037 
     0.108855   932.34400   636.99096 
     0.122419   923.79622   631.15099 
     0.132693  1263.50272  1705.70477 
     0.136097   842.51217   436.56140 
     0.149571   707.25525   181.55732 
     0.162498   713.79940   204.41969 
     0.162873   663.09565   112.18310 
     0.176949   615.99357    42.89302 
     0.190480   572.23732     7.91800 
     0.198540   645.02446   118.43904 
     0.204103   599.20604    50.15290 
     0.217194   577.53217    32.11882 
     0.242577   819.55137   573.88918 
     0.244821   551.53894    22.96756 
     0.285660   503.00949    13.94212 
     0.296380   615.99357   222.84263 
     0.326474   414.54929    70.13381 
     0.362117   493.82853   112.24134 
     0.367154   351.21753   105.82879 
     0.408177   308.72811   106.98802 
     0.442434   332.33508    37.21555 
     0.448589   286.79804    90.72139 
     0.489608   284.16866    52.17889 
     0.530700   273.89000    19.07158 
     0.540566   278.98200     3.86025 
     0.612137   186.02708    70.14174 
     0.660463   234.19422    39.62118 
     0.734258   150.51375    36.41922 
     0.806954   141.11597     9.82622 
     0.856739   108.03791    34.17509 
     0.979149    91.53268    12.85785 
     0.985936   117.37516    31.86876 
     1.101156    70.72553     7.91999 
     1.204616    72.04041    16.37393 
     1.224190    45.45443    19.24416 
     1.345392    41.45493     7.01338 
     1.360971    36.10573    12.51224 
     1.468415    34.48071     3.37273 
     1.471800    34.16459     3.34181 
     1.713360    21.16295     3.58037 
     1.769493    18.77484     3.71960 
     1.887334    17.76545     0.24582 
     2.078973    16.05374     5.56333 
     2.303354    13.15597     4.16028 
     2.363754     9.86152     3.11849 
     2.439823     7.77845     2.45976 
     2.526708     7.00598     2.21549 
     2.618616     6.47219     2.04669 
     2.754156     3.26161     1.03141 
     2.915322     3.76090     1.18930 
     3.120087     2.12242     0.63993 
     3.361910     2.15896     0.68272 
     3.707970     0.90775     0.28706 
     4.250694     0.61119     0.19328 
     4.950640     0.40834     0.12913 
     5.534600     0.75548     0.23890 
     6.414667     0.17986     0.05688 
     8.102938     0.09835     0.03110 
    10.465516     0.05574     0.01763 
    13.152377     0.05031     0.01517 
    15.988690     0.03288     0.01040 
    18.784607     0.03303     0.01045 
    20.975014     0.04178     0.01321 
    22.867463     0.03535     0.01118 
    24.565750     0.04538     0.01435 
    26.131834     0.03573     0.01130 
    27.641713     0.04378     0.01384 
    28.890201     0.05128     0.01546 
    30.029349     0.04833     0.01528 
    31.134732     0.04588     0.01451 
    32.719773     0.02366     0.00748 
    34.247547     0.04649     0.01470 
    35.240888     0.04576     0.01447 
    36.364727     0.03472     0.01098 
    37.398611     0.05273     0.01667 
    38.147955     0.06033     0.01908 
