#  rad density density_err 
     0.006996  1715.94328    95.43030 
     0.007326  2140.43935   581.15500 
     0.012327  2044.10371   434.72327 
     0.013485  1731.82070    96.31331 
     0.014992  2082.10644   503.79904 
     0.018317  2044.10371   434.72327 
     0.022483  2063.01757   468.89931 
     0.026968  1764.01765    48.89401 
     0.027469  2063.01757   499.18018 
     0.033485  1952.10389   330.25862 
     0.041006  1988.39621   422.87585 
     0.049986  1916.47398   351.90190 
     0.054431  1813.43890   203.07255 
     0.061214  1916.47398   435.59170 
     0.068053  1813.43890   280.71861 
     0.074619  2120.81569   964.21394 
     0.081442  1764.01765   298.43803 
     0.091379  2120.81569  1133.06626 
     0.095027  1684.62378   309.32969 
     0.108855  1594.05362   246.75798 
     0.111647  1916.47398   901.50739 
     0.122419  1480.82224   186.88101 
     0.136097  1363.02219    94.91031 
     0.136411  1440.46572   222.98272 
     0.149571  1277.91782    71.07000 
     0.162873  1198.12720    33.20899 
     0.166667  1313.72035   260.26906 
     0.176949  1113.01989    30.85004 
     0.190480  1024.47869    28.39590 
     0.203633  1144.20259   260.06361 
     0.204103   960.51229    53.41784 
     0.217194   917.28212    38.19809 
     0.244821   813.77235    45.25706 
     0.248799   813.77235    22.55567 
     0.285660   683.12932    57.17719 
     0.303983   664.51215     9.19480 
     0.326474   594.98077    33.08920 
     0.367154   513.45564    35.75307 
     0.371406   573.45973    72.37110 
     0.408177   455.51526    12.62571 
     0.448589   400.40817    11.09828 
     0.453784   447.20117    69.22631 
     0.489608   351.96779    14.65688 
     0.530700   303.74066    25.42277 
     0.554433   300.95595     8.34172 
     0.612137   262.12167     7.26534 
     0.677406   277.01477   108.70490 
     0.734258   232.54282    73.55911 
     0.827654   178.03399    40.46500 
     0.856739   153.63951    15.02827 
     0.979149   135.05259    36.66840 
     1.011227   128.97423    38.86249 
     1.101156    83.65712    10.55760 
     1.224190    75.59672     3.14805 
     1.238365    71.53242     1.98269 
     1.345392    68.94502    13.65911 
     1.468415    56.29929     8.71508 
     1.513034    56.29929    14.45242 
     1.713360    45.97301    16.63126 
     1.848625    35.19678     6.97305 
     2.078973    36.18286    24.72066 
     2.258649    27.44751    14.22237 
     2.448210    15.79439     1.09980 
     2.759617    14.53794     3.51769 
     2.817402     9.42981     3.41134 
     3.076377     7.12982     1.10016 
     3.382570     6.27083     0.97934 
     3.694230     5.59531     0.87384 
     4.044845     4.18436     0.65349 
     4.403297     4.47222     0.69844 
     4.809647     2.81865     0.44020 
     5.389035     1.78741     0.27915 
     5.980767     2.20872     0.34081 
     6.697719     1.04999     0.16398 
     7.709024     0.77321     0.12075 
     8.891200     0.57806     0.09028 
    10.184877     0.48620     0.07593 
    11.429750     0.48712     0.07608 
    12.771026     0.33826     0.05283 
    14.133649     0.38008     0.05936 
    15.464571     0.29869     0.04609 
    16.650151     0.42413     0.06624 
    17.598130     0.38151     0.05958 
    18.599941     0.34005     0.05311 
    19.483766     0.45507     0.07107 
    20.326435     0.33815     0.05281 
    21.336805     0.28545     0.04458 
    22.274179     0.37355     0.05764 
    23.051161     0.37715     0.05890 
    23.861787     0.31408     0.04905 
    24.618600     0.41225     0.06438 
    25.355849     0.30948     0.04833 
    26.126228     0.35217     0.05500 
    26.785653     0.39960     0.06241 
    27.337717     0.49448     0.07630 
    27.912196     0.35721     0.05579 
    28.532218     0.39056     0.06099 
    29.175944     0.31865     0.04977 
    29.856726     0.33130     0.05174 
    30.602535     0.25631     0.04003 
    31.308190     0.35973     0.05618 
    31.925775     0.31167     0.04868 
    32.557017     0.33842     0.05222 
    33.102990     0.40623     0.06344 
    33.596489     0.38710     0.06045 
    34.055782     0.45967     0.07179 
    34.553720     0.32614     0.05093 
    35.075539     0.40043     0.06254 
    35.626824     0.28710     0.04484 
    36.221481     0.33472     0.05165 
    36.703745     0.43028     0.06720 
    37.146413     0.37205     0.05811 
    37.613857     0.37491     0.05855 
    38.125350     0.30550     0.04771 
    38.635757     0.36671     0.05727 
    39.100915     0.35526     0.05548 
    39.560149     0.37656     0.05811 
    40.050730     0.30600     0.04779 
    40.565038     0.32421     0.05063 
    41.050799     0.33440     0.05222 
    41.515692     0.34588     0.05402 
    42.084488     0.22697     0.03545 
    42.639629     0.35829     0.05596 
    43.135476     0.26795     0.04185 
    43.687080     0.28407     0.04383 
    44.189494     0.31675     0.04947 
    44.621779     0.36708     0.05733 
    45.027474     0.35088     0.05480 
    45.446869     0.33722     0.05267 
    45.909519     0.28454     0.04444 
    46.375221     0.32580     0.05088 
    46.858475     0.26683     0.04117 
    47.361703     0.29201     0.04560 
    47.877985     0.24306     0.03796 
    48.346864     0.35799     0.05591 
    48.703428     0.39863     0.06226 
    49.148865     0.23932     0.03738 
    49.693713     0.24548     0.03834 
    50.204837     0.27322     0.04216 
    50.664019     0.29880     0.04667 
    51.055396     0.36339     0.05675 
    51.468274     0.26745     0.04177 
    51.900714     0.32169     0.05024 
    52.315259     0.28461     0.04445 
    52.760941     0.27295     0.04263 
    53.175393     0.32655     0.05100 
    53.531894     0.37031     0.05714 
    53.886182     0.32608     0.05092 
    54.309082     0.25326     0.03955 
    54.711120     0.36181     0.05651 
    55.099383     0.26501     0.04139 
    55.476475     0.38276     0.05978 
    55.806538     0.33141     0.05176 
    56.164429     0.32791     0.05060 
    56.514537     0.34236     0.05347 
    56.829313     0.39284     0.06135 
    57.159640     0.30991     0.04840 
    57.535076     0.29650     0.04631 
    57.914576     0.29927     0.04674 
    58.328036     0.24837     0.03879 
    58.717612     0.34632     0.05344 
    59.048261     0.33228     0.05189 
    59.398605     0.29844     0.04661 
    59.780050     0.27650     0.04318 
    60.166545     0.28676     0.04478 
    60.505398     0.36009     0.05624 
    60.875179     0.24359     0.03804 
    61.316870     0.24005     0.03749 
    61.700279     0.33490     0.05168 
    62.064001     0.26028     0.04065 
    62.487031     0.23620     0.03689 
    62.920491     0.24413     0.03813 
    63.306507     0.29686     0.04636 
    63.634878     0.33130     0.05174 
    63.950013     0.31812     0.04968 
    64.276904     0.31227     0.04818 
    64.618843     0.28782     0.04495 
    64.998027     0.24635     0.03847 
    65.383949     0.27393     0.04278 
    65.745805     0.27617     0.04313 
    66.083811     0.31186     0.04870 
    66.406653     0.29862     0.04664 
    66.737584     0.30096     0.04644 
    67.048814     0.33600     0.05247 
    67.359761     0.29157     0.04554 
    67.676752     0.31955     0.04990 
    68.010654     0.26210     0.04093 
    68.363687     0.28074     0.04384 
    68.704001     0.27883     0.04355 
    69.051828     0.26618     0.04157 
    69.384182     0.31109     0.04800 
    69.673126     0.34920     0.05454 
    69.954265     0.31720     0.04954 
    70.289005     0.24729     0.03862 
    70.589322     0.41044     0.06410 
    70.869081     0.27544     0.04302 
    71.208884     0.26537     0.04144 
    71.530963     0.31270     0.04825 
    71.815433     0.33641     0.05254 
    72.157018     0.21893     0.03419 
    72.495634     0.34075     0.05322 
    72.851629     0.20001     0.03124 
    73.242530     0.26677     0.04166 
    73.568160     0.27955     0.04366 
    73.886415     0.27666     0.04321 
