#  rad density density_err 
     0.007326   764.11262    10.57296 
     0.012327   757.10720    42.10569 
     0.014992   729.72189   102.50606 
     0.018317   601.39162    25.04356 
     0.022483   677.88711   329.61400 
     0.027469   538.46487   186.60203 
     0.033485   495.62976   248.88508 
     0.041006   359.05202    92.17114 
     0.049986   293.19555    66.63985 
     0.061214   186.70561    36.98937 
     0.073426   119.99340    81.98124 
     0.074619   145.59866    43.87176 
     0.081442   122.22425    59.42999 
     0.091379   119.99340    41.58305 
     0.092013   108.43198    54.45012 
     0.108855   113.54222    20.84856 
     0.110369   104.50989    31.49090 
     0.111647   130.36391     7.25005 
     0.129077   110.44788     1.52826 
     0.136097   100.72966     7.01403 
     0.136411   104.50989     2.89674 
     0.146841   113.54222    22.49453 
     0.162873    95.31415     6.63694 
     0.165519   110.44788    34.93743 
     0.166667   101.66170    21.62058 
     0.184013   101.66170    35.23030 
     0.190480    84.55852     8.27110 
     0.202231    97.98450    41.48395 
     0.203633   101.66170    51.05037 
     0.217194    77.11829    10.83302 
     0.220724    91.02431    39.95675 
     0.238698    84.55852    37.11848 
     0.244821    72.97219    17.65679 
     0.248799    72.97219    19.81283 
     0.257542    75.71072    28.54682 
     0.272175    64.73772    13.76789 
     0.275962    66.55143    18.06951 
     0.294340    50.02158     3.48312 
     0.299122    55.35507     6.19877 
     0.303983    54.84757     7.70459 
     0.326474    48.21225     2.68127 
     0.331016    39.73355     9.03096 
     0.353060    40.10120     3.35643 
     0.371406    39.73355     1.10131 
     0.380933    37.59736     2.09094 
     0.386232    34.60648     5.85475 
     0.408177    33.66335     3.76969 
     0.435360    31.56148     2.64166 
     0.441417    32.74593     0.90763 
     0.453784    38.29635    11.53945 
     0.489608    26.98717     2.25880 
     0.496419    24.61259     4.87615 
     0.551885    21.04541     4.16943 
     0.554433    20.66129     4.39407 
     0.571280    23.94183     1.66712 
     0.592719    24.16336     4.43686 
     0.606525    19.73138     1.37394 
     0.652903    17.66678     0.98252 
     0.661986    19.19364     2.14934 
     0.677406    19.73138     4.48471 
     0.717544    15.24605     0.42258 
     0.734258    18.67056     6.47018 
     0.816298    13.27876     1.86530 
     0.827654    13.90456     3.77526 
     0.897116     7.50166     3.29299 
     0.954660     5.53551     4.06650 
     0.979149     8.00124     0.33319 
     0.992770     6.35561     2.10625 
     1.011227     6.59413     1.40239 
     1.061326     6.65514     0.18446 
     1.158374     4.60423     1.11407 
     1.224190     5.28637     1.12426 
     1.238365     4.95630     0.76723 
     1.323880     4.16061     0.70390 
     1.513034     4.12247     3.61304 
     1.544716     2.35048     0.09788 
     2.146412     1.35527     0.40863 
     2.855342     0.68306     0.21600 
     3.593504     0.73783     0.22246 
     5.471924     0.09393     0.02970 
     8.380713     0.07677     0.02315 
    10.524642     0.09651     0.03052 
    12.807950     0.04557     0.01374 
    15.084737     0.06790     0.02147 
