#  rad density density_err 
     0.032497   155.99213    49.34421 
     0.040818   213.35493    39.17611 
     0.041865   211.39888    32.72434 
     0.051386   205.63767    23.02772 
     0.064692   194.58201     5.39331 
     0.075657   258.88249   125.87832 
     0.081442   169.47384    31.11869 
     0.102529   221.36180    50.31290 
     0.129077   319.96515   274.62836 
     0.146167   125.05547    89.71269 
     0.162498   191.03048     5.29487 
     0.257542   144.91144    72.76863 
     0.281740   151.74091    61.88837 
     0.323481   198.19956     5.49358 
     0.391605   196.38245     2.71733 
     0.407238   198.19956     8.25356 
     0.512683   219.33234    59.55137 
     0.544313   182.43270     2.52431 
     0.645429   128.55906    50.44857 
     0.756569   119.42704    35.98573 
     0.812547   135.86346     1.87993 
     1.022937   113.00631    25.68499 
     1.051596    71.30216    30.18738 
     1.287801    64.43216     3.58332 
     1.549696    44.03290     8.47414 
     1.603535    59.94554    11.53652 
     1.676788    26.10629     4.93362 
     1.762565    34.95234     6.72658 
     1.828897    37.34780     7.18759 
     1.893569    35.42585     6.69486 
     1.956267    37.25285     7.16931 
     2.027178    25.58416     4.92367 
     2.087029    57.94841    10.95122 
     2.139799    29.23504     5.62629 
     2.209916    27.18029     5.23085 
     2.285868    24.25826     4.58438 
     2.361892    25.38149     4.88467 
     2.448200    17.38967     3.34664 
     2.537067    22.87193     4.32239 
     2.606536    26.52973     5.10565 
     2.676750    20.50699     3.94657 
     2.764547    16.56523     3.13053 
     2.846609    22.59358     4.34814 
     2.928357    15.74025     2.97463 
     3.012459    19.94414     3.83825 
     3.111772    10.86484     2.09094 
     3.218942    15.86910     2.99898 
     3.305185    15.25170     2.93519 
     3.403083    11.42209     2.19818 
     3.525187     9.45814     1.78742 
     3.674521     7.08714     1.36392 
     3.817156     9.36117     1.80156 
     3.955923     7.16256     1.35360 
     4.110055     6.92455     1.33263 
     4.264673     6.36741     1.22541 
     4.455406     4.48083     0.84680 
     4.678396     4.12335     0.79354 
     4.925708     3.20896     0.61756 
     5.211413     2.85468     0.53948 
     5.501222     2.78905     0.53675 
     5.809089     2.20380     0.42412 
     6.181369     1.76311     0.33320 
     6.530501     2.27399     0.43763 
     6.992771     0.96748     0.18619 
     7.577289     1.10163     0.20819 
     8.100888     1.03335     0.19887 
     8.717670     0.68441     0.13171 
     9.808817     0.31074     0.05872 
    11.448506     0.20654     0.03975 
    13.810116     0.10708     0.02061 
    19.803561     0.02478     0.00468 
    27.151779     0.02818     0.00542 
    33.541000     0.01789     0.00344 
