#  rad density density_err 
     0.008333  2094.09099   522.16440 
     0.025000  1883.62978   229.30751 
     0.050000  1625.53209   178.78378 
     0.083333  1090.67548   103.62384 
     0.116667   726.60026    74.66556 
     0.150000   517.48236    64.20929 
     0.183333   351.07148    43.38180 
     0.216667   251.18607    41.86351 
     0.258333   178.27709    34.49235 
     0.391667    91.13717     9.04257 
     0.583333    45.26844     7.58686 
     0.791667    21.00369     2.70169 
     1.208333     6.36789     1.41234 
     1.831154     2.52362     0.79804 
     2.189328     2.14994     0.64823 
     2.715035     0.86273     0.27282 
     4.249456     0.15675     0.04957 
    12.228105     0.00959     0.00303 
    22.600753     0.00981     0.00310 
    28.232903     0.01379     0.00436 
    32.130418     0.01336     0.00422 
    35.107774     0.02220     0.00669 
    38.331116     0.00989     0.00313 
    41.337827     0.02123     0.00671 
    42.968880     0.02557     0.00808 
    45.765564     0.00839     0.00265 
    48.981125     0.01421     0.00449 
    50.714118     0.02661     0.00841 
    53.668832     0.00690     0.00208 
    57.428399     0.00994     0.00314 
    59.818306     0.01337     0.00423 
    61.620764     0.01600     0.00506 
    63.157746     0.01726     0.00546 
    65.022018     0.01079     0.00341 
    66.930135     0.01537     0.00486 
