#  rad density density_err 
     0.075657    87.01802     8.51168 
     0.104918   125.77930    63.16124 
     0.136097    80.83681    14.84321 
     0.146167   136.64986    93.36117 
     0.162873    87.82318     2.43423 
     0.190480    91.11905     6.34482 
     0.202698   100.83451    24.39853 
     0.217194    93.67187    14.50032 
     0.244821    93.67187    18.55790 
     0.272175    90.28366    15.27427 
     0.281740    91.96216    19.55776 
     0.299122    90.28366    19.20079 
     0.326474    74.40621     2.06235 
     0.353060    64.80510    12.83893 
     0.380933    58.02420    19.22919 
     0.391605    63.62227    10.76367 
     0.408177    55.41268    19.20296 
     0.435360    55.92541    16.01606 
     0.489608    55.92541    10.26899 
     0.544313    61.88839     4.30943 
     0.571280    52.43354     6.61716 
     0.652903    49.61456     2.75926 
     0.734258    43.21248     5.45345 
     0.756569    49.15969     5.50500 
     0.816298    40.88925     2.27401 
     0.897116    42.42376     5.95938 
     0.979149    44.01586    15.25345 
     1.051596    50.07364    35.06397 
     1.061326    40.14294    13.91131 
     1.224190    26.03809     2.17936 
     1.468415    17.84881     5.64602 
     1.713360    16.27830     2.05434 
     1.958163    16.12906     2.26569 
     2.086496    14.13059     3.33061 
     2.185197    13.07896     3.08274 
     2.276805    15.16362     3.57410 
     2.368918    12.60768     2.89240 
     2.478228     9.84900     2.32143 
     2.577888    13.56058     3.19626 
     2.687274     7.79162     1.83650 
     2.837333     6.18305     1.45736 
     3.009106     5.28180     1.24493 
     3.156796     7.88240     1.85790 
     3.309084     4.56984     1.07712 
     3.459167     7.47983     1.76301 
     3.651741     2.85868     0.67380 
     3.878959     4.10283     0.96705 
     4.085694     3.00338     0.70790 
     4.279474     4.34416     1.02393 
     4.523530     1.89605     0.44690 
     4.766406     3.96099     0.93362 
     5.004275     1.76689     0.41646 
     5.302458     1.98362     0.46754 
     5.585621     1.74476     0.41124 
     5.899825     1.45185     0.34220 
     6.200168     1.73550     0.40906 
     6.571951     0.91323     0.21525 
     6.932439     1.69609     0.39977 
     7.330632     0.70702     0.16665 
     7.804327     0.93013     0.21923 
     8.168139     1.11183     0.25507 
     8.560051     0.74231     0.17496 
     8.974742     0.84327     0.19876 
     9.306293     1.08176     0.25497 
     9.643328     0.76270     0.17977 
     9.962644     1.15422     0.27205 
    10.213990     1.10616     0.26072 
    10.474554     1.02217     0.24093 
    10.754625     0.91046     0.21460 
    11.001084     1.29982     0.30637 
    11.264552     0.77870     0.18354 
    11.548095     1.03153     0.24313 
    11.843488     0.69053     0.16276 
    12.182074     0.71942     0.16957 
    12.443510     1.17466     0.27687 
    12.667673     0.89623     0.21124 
    12.906610     0.98413     0.23196 
    13.177924     0.68560     0.16160 
    13.437677     1.05320     0.24824 
    13.653762     0.91325     0.21525 
    13.862119     1.10535     0.26053 
    14.024934     1.47310     0.34721 
    14.201144     0.94374     0.22244 
    14.378705     1.40937     0.33219 
    14.561434     0.92671     0.21260 
    14.771474     0.98955     0.23324 
    14.975950     0.89824     0.21172 
    15.174684     1.02322     0.24117 
    15.355157     1.05740     0.24923 
    15.574297     0.70251     0.16558 
    15.798303     0.97401     0.22958 
    15.975243     1.06928     0.25203 
    16.119369     1.47434     0.34751 
    16.231701     1.69510     0.39954 
    16.363691     1.09515     0.25813 
    16.537842     0.91925     0.21667 
    16.733650     0.84262     0.19861 
    16.943363     0.78187     0.18429 
    17.101587     1.67188     0.39407 
    17.235451     0.99215     0.23385 
    17.417603     0.83587     0.19702 
    17.581175     1.24987     0.29460 
    17.741377     0.84973     0.20028 
    17.903236     1.19693     0.28212 
    18.047145     1.02991     0.24275 
    18.195892     1.09818     0.25884 
    18.342918     1.03646     0.24430 
    18.482304     1.21014     0.28523 
    18.600456     1.50228     0.34465 
    18.739749     0.89731     0.21150 
    18.928434     0.73114     0.17233 
    19.113470     0.91915     0.21664 
    19.267476     1.02582     0.24179 
    19.374363     2.14825     0.50635 
    19.460071     1.43502     0.33824 
    19.573922     1.16978     0.27572 
    19.692026     1.30954     0.30866 
    19.805457     1.24943     0.29449 
    19.936884     0.97693     0.23027 
    20.072655     1.14676     0.27029 
    20.203585     1.03196     0.24323 
    20.341937     1.01101     0.23830 
    20.465467     1.29900     0.30618 
    20.598445     0.87915     0.20722 
    20.757288     0.86535     0.20396 
    20.887170     1.36780     0.32239 
    20.987135     1.36973     0.32285 
    21.093590     1.19918     0.28265 
    21.217756     0.99958     0.23560 
    21.348828     1.05603     0.24891 
    21.489562     0.86342     0.20351 
    21.640993     0.89166     0.21017 
    21.764469     1.41070     0.32364 
    21.874178     1.08302     0.25527 
    21.980384     1.42466     0.33580 
    22.112682     0.74838     0.17640 
    22.253035     1.19650     0.28202 
    22.374233     0.94984     0.22388 
    22.498449     1.12059     0.26413 
    22.613618     1.08548     0.25585 
    22.739026     0.93943     0.22143 
    22.873681     0.92635     0.21834 
    22.998554     1.08748     0.25632 
    23.113915     1.06683     0.25146 
    23.223291     1.20261     0.28346 
    23.330777     1.09248     0.25750 
    23.432956     1.32940     0.31334 
    23.550310     0.85219     0.20086 
    23.664096     1.42715     0.33638 
    23.773122     0.90452     0.21320 
    23.894084     1.10300     0.25998 
    24.010890     0.95516     0.22513 
    24.135938     0.94817     0.22349 
    24.252926     1.08574     0.25591 
    24.343619     1.62109     0.38209 
    24.432031     1.12496     0.26516 
