#  rad density density_err 
     0.015165  1129.37688   158.64671 
     0.025814  1238.33712   373.13549 
     0.032497  1139.82687   192.83690 
     0.040818   974.62802    67.86555 
     0.051386   897.09594   177.72908 
     0.064692   699.58243   419.41666 
     0.081442   803.22810   278.35427 
     0.102529   872.64759   160.23507 
     0.129077  1171.76060   370.65719 
     0.136097   948.06670    13.11832 
     0.162498   913.77420    12.64381 
     0.162873   930.76253    12.87888 
     0.190480   939.37477    65.41078 
     0.204573  1150.37356   487.03663 
     0.217194   992.74771   225.63972 
     0.244821  1078.54655   456.62704 
     0.257542  1238.33712   867.14306 
     0.272175  1039.53446   456.32231 
     0.299122   864.64711   183.88608 
     0.323481   930.76253   379.61666 
     0.326474   719.18214     9.95126 
     0.353060   598.18965   118.51096 
     0.380933   535.59793   161.38626 
     0.407238   626.38146     8.66719 
     0.408177   511.49206   154.12268 
     0.435360   492.99089   141.18399 
     0.489608   433.35009   137.07947 
     0.512683   603.72463   154.98029 
     0.571280   402.56767    85.61480 
     0.645429   319.77087   115.68072 
     0.652903   331.77136    95.01353 
     0.734258   291.63450    74.86460 
     0.812547   311.05622    17.29905 
     0.816298   283.68665    23.74427 
     0.897116   270.91864    15.06684 
     0.954660   233.79698     9.73593 
     0.979149   265.97382    56.56514 
     1.022937   247.08074    52.54711 
     1.061326   225.34031    34.88247 
     1.224190   160.26508     2.21757 
     1.287801   140.87661     9.80956 
     1.323880   115.03736    34.66303 
     1.468415   115.03736     1.59176 
     1.621245    95.68391     2.65211 
     1.713360    94.80667    13.31776 
     1.913589    69.31686     1.92128 
     1.958163    82.57316    29.87177 
     2.041027    66.19709     8.35413 
     2.653681    35.71403     2.98923 
     3.818113    16.62796     4.02340 
     4.043224    15.47594     2.18863 
     4.181743    12.95210     1.81366 
     4.324842    13.49623     1.90865 
     4.498259     8.40417     1.18853 
     4.723403     7.02598     0.99362 
     4.954532     7.21963     1.02101 
     5.178215     6.83331     0.96638 
     5.409417     6.19383     0.87594 
     5.700325     4.05457     0.57340 
     6.095272     2.92998     0.41436 
     6.526099     2.93070     0.41446 
     6.982459     2.29473     0.32452 
     7.542926     1.68992     0.23899 
     8.345449     0.97225     0.13750 
     9.234470     1.08085     0.15286 
    10.138318     0.77683     0.10986 
    11.059881     0.86406     0.12220 
    12.013225     0.62912     0.08809 
    12.972182     0.72689     0.10280 
    13.829401     0.66102     0.09348 
    14.693916     0.63081     0.08921 
    15.518808     0.64806     0.09165 
    16.143644     1.07531     0.15207 
    16.827518     0.52005     0.07355 
    17.633691     0.64193     0.09078 
    18.341872     0.60819     0.08601 
    19.052777     0.58955     0.08337 
    19.801121     0.50986     0.07210 
    20.517424     0.60190     0.08512 
    21.088272     0.75878     0.10731 
    21.646219     0.59431     0.08405 
    22.298651     0.52000     0.07354 
    22.913229     0.63975     0.09047 
    23.446010     0.66233     0.09274 
    23.974759     0.62064     0.08777 
    24.518081     0.58815     0.08318 
    24.976149     0.87460     0.12369 
    25.383602     0.69572     0.09839 
    25.821977     0.72318     0.10227 
    26.303810     0.56282     0.07960 
    26.838010     0.55853     0.07899 
    27.343832     0.60534     0.08561 
    27.851388     0.53471     0.07562 
    28.317855     0.70503     0.09971 
    28.742671     0.61382     0.08681 
    29.160456     0.70970     0.10037 
    29.563569     0.63830     0.09027 
    29.968386     0.68450     0.09680 
    30.325436     0.80453     0.11378 
    30.690296     0.65537     0.09177 
    31.109373     0.58858     0.08324 
    31.489390     0.77654     0.10982 
    31.914870     0.47446     0.06710 
    32.333610     0.78894     0.11157 
    32.689424     0.60909     0.08614 
    33.092024     0.59299     0.08386 
    33.552628     0.45992     0.06504 
    33.999620     0.61869     0.08750 
    34.383965     0.59284     0.08384 
    34.762350     0.62480     0.08836 
    35.069189     0.91760     0.12977 
    35.351626     0.70880     0.10024 
    35.709713     0.55908     0.07907 
    36.091263     0.60490     0.08555 
    36.449763     0.61936     0.08759 
    36.792710     0.66170     0.09266 
    37.112801     0.69893     0.09884 
    37.449301     0.58024     0.08206 
    37.809109     0.59556     0.08423 
    38.187447     0.51674     0.07308 
    38.558927     0.60756     0.08592 
    38.915062     0.54884     0.07762 
    39.301211     0.50656     0.07164 
    39.629741     0.78029     0.11035 
    39.939438     0.55032     0.07783 
    40.231163     0.89341     0.12635 
    40.479284     0.71528     0.10116 
    40.796298     0.54306     0.07680 
    41.131275     0.62256     0.08804 
    41.522109     0.40699     0.05756 
    41.887464     0.73123     0.10341 
    42.148895     0.71772     0.10150 
