#  rad density density_err 
     0.005832   997.55454    83.49425 
     0.009837  1034.99118   145.38808 
     0.011991   837.40712   141.67326 
     0.013485   926.69464    25.68558 
     0.014650   935.26924    12.94124 
     0.017818   901.43963    62.76927 
     0.021820   952.65719    13.18184 
     0.026659   837.40712   141.67326 
     0.026968   935.26924    12.94124 
     0.032647   837.40712   153.76424 
     0.039797   792.38574   203.41091 
     0.048848   799.71759   193.50449 
     0.054431   952.65719    26.40520 
     0.059545   807.11729   183.44814 
     0.072753   785.12110   213.16981 
     0.081442   988.40890    96.68133 
     0.089094   722.66438   283.58472 
     0.108605   756.72250   239.37026 
     0.108855   997.55454   111.70817 
     0.132693  1114.13200   319.06796 
     0.136097   979.34712    81.97030 
     0.162498  1552.16058  1388.65616 
     0.162873   952.65719    52.98099 
     0.190480   935.26924    52.01397 
     0.198540  1166.63943   493.92315 
     0.217194   893.17519    24.75651 
     0.242577   926.69464    77.56335 
     0.244821   845.15555    47.00240 
     0.272175   807.11729    90.38262 
     0.296380   722.66438   174.86023 
     0.299122   785.12110    99.08294 
     0.326474   777.92307    76.09264 
     0.353060   792.38574    32.99707 
     0.362117   868.83368    84.98507 
     0.380933   807.11729    22.37121 
     0.408177   807.11729    44.88694 
     0.435360   770.79103    21.36434 
     0.442434   876.87290   212.17346 
     0.489608   702.96977    19.48451 
     0.540566   677.54267     9.37510 
     0.571280   590.11499    82.89509 
     0.652903   523.52406    88.57025 
     0.660463   595.57526    24.80135 
     0.734258   468.74500    79.30268 
     0.806954   477.45962     6.60657 
     0.816298   460.18944    12.75526 
     0.897116   389.88511    38.13666 
     0.979149   330.32135    55.88405 
     0.985936   375.78258    15.64860 
     1.061326   312.56234    21.76442 
     1.106238   393.49267   154.41263 
     1.204616   252.89291    17.60950 
     1.224190   232.77517    36.03337 
     1.360971   171.76578    51.75643 
     1.468415   183.20472     7.62914 
     1.471800   191.83889    21.48251 
     1.534083   153.79303    12.87231 
     1.713360   131.50330     7.31341 
     1.798245   137.70086    43.55823 
     1.887334    89.31752    15.11082 
     1.958163    92.66946     3.85901 
     1.967201   127.91947    74.58622 
     2.202159    67.13309     1.86076 
     2.414620    49.53779     1.37306 
     2.448210    57.40327    14.73582 
     2.641489    24.60009    18.07176 
     2.690598    47.30822    20.02901 
     2.850026    31.83733     2.66475 
     2.936627    30.12567     4.23184 
     2.943396    30.68574     6.07934 
     3.067721    20.75869     1.96151 
     3.388292    14.56379     1.37615 
     3.748946    13.32270     1.25329 
     4.130340    10.71666     1.01263 
     4.540301     9.41017     0.88918 
     5.024637     6.49051     0.61058 
     5.618603     4.98461     0.47100 
     6.320114     3.67936     0.34767 
     7.090032     3.28028     0.30858 
     7.850775     3.03464     0.28675 
     8.529287     3.43269     0.32436 
     9.230987     2.45197     0.23066 
     9.970102     2.61518     0.24711 
    10.697519     2.16073     0.20417 
    11.474986     1.99970     0.18812 
    12.209605     2.12981     0.20125 
    12.879930     2.11238     0.19960 
    13.517636     2.14504     0.20179 
    14.130321     2.08468     0.19698 
    14.721270     2.09938     0.19837 
    15.327967     1.84302     0.17338 
    15.946063     1.86443     0.17617 
    16.525014     1.93198     0.18255 
    17.057036     2.08495     0.19614 
    17.569356     1.95511     0.18474 
    18.087467     1.90513     0.18002 
    18.575607     2.10938     0.19843 
    19.017351     2.20805     0.20864 
    19.457212     2.03046     0.19101 
    19.884279     2.24725     0.21235 
    20.280310     2.23566     0.21125 
    20.668646     2.26880     0.21343 
    21.082890     1.90012     0.17954 
    21.533469     1.81459     0.17146 
    21.984606     1.83385     0.17251 
    22.474505     1.48607     0.14042 
    22.936422     1.99211     0.18824 
    23.322634     2.01704     0.18975 
    23.681947     2.23802     0.21147 
    24.074186     1.65218     0.15612 
    24.507310     1.75522     0.16512 
    24.908906     1.85828     0.17559 
    25.309206     1.69506     0.16017 
    25.694552     1.97060     0.18538 
    26.077894     1.66112     0.15696 
    26.450292     2.02194     0.19106 
    26.806927     1.76565     0.16610 
    27.177298     1.81802     0.17179 
    27.566518     1.54820     0.14629 
    27.954786     1.79269     0.16864 
    28.312500     1.76576     0.16685 
    28.648639     1.97074     0.18622 
    28.967110     1.93281     0.18182 
    29.258581     2.32781     0.21996 
    29.552840     1.84570     0.17440 
    29.884211     1.79138     0.16852 
    30.184730     2.22766     0.21049 
    30.488167     1.72593     0.16236 
    30.818286     1.81625     0.17162 
    31.103735     2.27022     0.21452 
    31.353944     2.31310     0.21760 
    31.611897     2.10459     0.19886 
    31.881467     2.06154     0.19480 
    32.167203     1.86203     0.17516 
    32.462208     1.89514     0.17907 
    32.765296     1.71928     0.16246 
    33.080744     1.72882     0.16263 
    33.369275     2.03425     0.19222 
    33.642638     1.86480     0.17621 
    33.916057     2.01847     0.18988 
    34.191877     1.80433     0.17049 
    34.464958     2.01068     0.18999 
    34.732421     1.86462     0.17541 
    35.028123     1.62218     0.15328 
    35.307024     2.06830     0.19544 
    35.579180     1.68372     0.15839 
    35.869218     1.77572     0.16779 
    36.134519     1.96737     0.18590 
    36.406783     1.68146     0.15818 
    36.680444     1.91674     0.18111 
    36.942723     1.78035     0.16823 
    37.207082     1.87570     0.17645 
    37.467418     1.80913     0.17095 
    37.716548     2.00869     0.18980 
    37.953652     1.98328     0.18657 
    38.176054     2.26796     0.21430 
    38.402534     1.89539     0.17830 
    38.662459     1.69026     0.15971 
    38.961059     1.41021     0.13325 
    39.265364     1.61175     0.15162 
    39.521424     1.97871     0.18697 
    39.747114     2.00713     0.18966 
    39.972652     1.97646     0.18593 
    40.224546     1.60475     0.15163 
    40.467940     2.09115     0.19759 
    40.682711     2.01949     0.18998 
    40.905876     1.91605     0.18105 
    41.140643     1.78962     0.16910 
    41.376826     1.88766     0.17758 
    41.612592     1.77545     0.16776 
    41.845887     1.89055     0.17864 
    42.062296     2.06058     0.19384 
    42.283603     1.79303     0.16943 
    42.514703     1.84633     0.17446 
    42.753643     1.67729     0.15779 
    42.991225     1.84797     0.17462 
    43.212006     1.89929     0.17947 
    43.430641     1.88158     0.17700 
    43.654438     1.79474     0.16959 
    43.863776     2.12584     0.20087 
    44.057273     2.08448     0.19609 
    44.271508     1.73074     0.16354 
    44.490185     1.95716     0.18493 
    44.688876     2.08876     0.19649 
    44.890898     1.87857     0.17751 
    45.100155     1.92511     0.18110 
    45.309238     1.86431     0.17616 
    45.517337     1.90872     0.18036 
    45.717015     2.02585     0.19058 
    45.892901     2.46474     0.23290 
    46.058560     2.22768     0.21050 
    46.241645     2.02101     0.19012 
    46.434350     1.98934     0.18798 
    46.621120     2.11744     0.20008 
    46.803239     2.09212     0.19681 
    46.995012     1.89768     0.17931 
    47.183797     2.12607     0.20089 
    47.378565     1.79184     0.16856 
    47.586328     1.83910     0.17378 
    47.782592     1.97543     0.18666 
    47.969969     2.01664     0.18971 
    48.173258     1.67685     0.15845 
    48.385143     1.81390     0.17140 
    48.579134     2.00242     0.18837 
    48.771684     1.82543     0.17249 
    48.976044     1.74560     0.16494 
    49.171430     2.00666     0.18877 
    49.341593     2.28564     0.21597 
    49.508951     2.03807     0.19258 
    49.686279     2.03352     0.19130 
    49.868491     1.91736     0.18117 
    50.055324     1.90192     0.17971 
    50.238475     1.99918     0.18807 
    50.416978     1.98696     0.18775 
    50.614930     1.63017     0.15335 
    50.822562     1.77768     0.16797 
    51.003295     2.12894     0.20117 
    51.174989     1.96083     0.18446 
    51.354851     1.92303     0.18171 
    51.538044     1.86061     0.17581 
    51.735560     1.66214     0.15636 
    51.933767     1.83279     0.17318 
    52.111637     2.03046     0.19186 
    52.288717     1.85220     0.17424 
    52.469366     1.93466     0.18281 
    52.645884     1.90826     0.18031 
    52.815210     2.11214     0.19869 
    52.985492     1.87583     0.17725 
    53.163662     1.89437     0.17900 
    53.334762     2.04108     0.19201 
    53.501971     1.96897     0.18605 
    53.667537     2.05127     0.19383 
    53.834141     1.95038     0.18348 
    54.016513     1.70579     0.16118 
    54.222207     1.50849     0.14254 
    54.417358     1.91732     0.18037 
    54.588670     1.91798     0.18123 
    54.765157     1.78131     0.16832 
    54.929866     2.23190     0.20996 
    55.107838     1.54583     0.14607 
    55.301214     1.81594     0.17159 
    55.480628     1.78770     0.16817 
    55.658448     1.83728     0.17361 
    55.823232     2.07513     0.19521 
    55.983713     1.92145     0.18156 
    56.161224     1.67657     0.15842 
    56.351402     1.67056     0.15715 
    56.532561     1.84098     0.17396 
    56.708973     1.73136     0.16360 
    56.891559     1.72159     0.16195 
    57.079524     1.62390     0.15344 
    57.248224     2.14601     0.20278 
    57.415302     1.65677     0.15586 
    57.593543     1.84868     0.17468 
    57.757349     1.92658     0.18204 
    57.917856     1.93082     0.18164 
    58.085078     1.76753     0.16702 
    58.247676     2.01900     0.19078 
    58.391568     2.26121     0.21272 
    58.540479     1.88410     0.17803 
    58.717845     1.57198     0.14854 
    58.890285     2.01229     0.18930 
    59.042436     1.97920     0.18702 
    59.189494     2.12717     0.20100 
    59.353874     1.61877     0.15228 
    59.526621     1.89153     0.17873 
    59.692533     1.72104     0.16262 
    59.861145     1.83513     0.17263 
    60.037492     1.57109     0.14845 
    60.207975     1.94795     0.18406 
    60.360380     1.94967     0.18341 
    60.516446     1.84892     0.17471 
    60.677898     1.79575     0.16968 
