#  rad density density_err 
     0.007326   317.61815    31.06786 
     0.012327   351.48380   116.48155 
     0.014992   314.70621    62.34834 
     0.018317   323.52312    97.48392 
     0.022483   314.70621   104.29348 
     0.027469   276.63385    62.87558 
     0.033485   254.62751    50.44579 
     0.041006   225.89432    31.73200 
     0.049986   211.78994    38.88875 
     0.054431   160.65910    27.18044 
     0.061214   189.62925    34.81962 
     0.068053   136.11479    28.94778 
     0.074619   163.64597    25.33224 
     0.081442   117.46414    30.15386 
     0.091379   129.98862     3.60295 
     0.095027   105.17326    26.99870 
     0.108855    95.03976    22.99639 
     0.111647   101.36904    11.35151 
     0.122419    86.67729    19.70071 
     0.136097    78.32589    17.80254 
     0.136411    88.28874     3.67658 
     0.149571    74.80064    12.65484 
     0.162873    68.21900    11.54135 
     0.166667    74.80064     2.07328 
     0.176949    64.55135     8.14643 
     0.190480    59.41626     7.49838 
     0.203633    65.14863     8.22181 
     0.204103    56.74209     4.74925 
     0.217194    53.69147     2.23586 
     0.244821    47.19601     0.65305 
     0.248799    51.74940     7.26938 
     0.285660    39.25593     1.08807 
     0.303983    40.72915     7.47866 
     0.326474    32.65166     0.90502 
     0.367154    26.17612     1.82270 
     0.371406    28.70155     2.40229 
     0.408177    24.31674     1.01261 
     0.448589    22.79845     4.18624 
     0.453784    23.43718     6.01649 
     0.489608    19.31547     2.71330 
     0.530700    16.51602     2.08434 
     0.554433    14.78786     1.02971 
     0.612137    11.74641     0.16253 
     0.677406    10.42090     0.87222 
     0.734258     9.41684     1.59315 
     0.827654     8.43151     3.17911 
     0.856739     8.12653     3.44055 
     0.979149     5.36915     1.06371 
     1.011227     4.71960     0.52851 
     1.101156     3.85394     0.32257 
     1.224190     2.92351     0.12174 
     1.238365     2.87015     0.11952 
     1.345392     2.56984     0.47187 
     1.468415     2.43167     1.02950 
     1.970716     1.30030     0.41119 
     2.947988     0.40487     0.12803 
     4.367700     0.24196     0.07652 
     5.938538     0.16385     0.05181 
     7.396320     0.16813     0.05317 
     8.796483     0.11900     0.03763 
    10.049940     0.16054     0.05077 
    10.986440     0.16340     0.05167 
    11.994206     0.11753     0.03717 
    12.835469     0.22400     0.07084 
    13.374306     0.22705     0.07180 
    14.028058     0.14483     0.04580 
    14.967789     0.09701     0.03068 
    15.890387     0.13370     0.04228 
    16.600018     0.14307     0.04524 
    17.353882     0.10950     0.03463 
    18.107205     0.13137     0.04154 
    18.732619     0.14604     0.04618 
    19.450570     0.10538     0.03177 
    20.182675     0.12926     0.04088 
    20.789901     0.12667     0.04006 
    21.349751     0.14466     0.04575 
    21.990008     0.09458     0.02991 
    22.696997     0.10808     0.03418 
    23.234146     0.16098     0.05091 
    23.595958     0.22626     0.07155 
    24.041797     0.11153     0.03527 
    24.590861     0.12827     0.04056 
    25.006219     0.19514     0.06171 
    25.409317     0.13048     0.04126 
    25.972592     0.09478     0.02997 
    26.540952     0.12233     0.03868 
    27.077475     0.10085     0.03189 
    27.553249     0.15666     0.04954 
    27.961161     0.12730     0.04026 
    28.387769     0.13806     0.04366 
    28.773429     0.15145     0.04789 
    29.186899     0.11810     0.03735 
    29.679252     0.10254     0.03242 
    30.050136     0.26629     0.08029 
    30.332773     0.15143     0.04789 
    30.684132     0.14561     0.04604 
    31.034134     0.14918     0.04717 
    31.357880     0.16711     0.05285 
    31.657602     0.17000     0.05376 
    31.977478     0.14467     0.04575 
    32.348130     0.12384     0.03916 
    32.789565     0.09996     0.03161 
    33.223861     0.12507     0.03955 
    33.514288     0.24003     0.07590 
    33.771367     0.14899     0.04711 
    34.113841     0.12656     0.04002 
    34.520006     0.10391     0.03286 
    34.965485     0.10177     0.03218 
    35.348074     0.14163     0.04479 
    35.710218     0.10967     0.03468 
    36.032956     0.18473     0.05842 
    36.391817     0.09137     0.02890 
    36.821695     0.11341     0.03586 
    37.222089     0.10189     0.03222 
    37.582275     0.15490     0.04671 
    37.909780     0.11850     0.03747 
    38.280847     0.10720     0.03390 
    38.567288     0.22302     0.07053 
    38.786574     0.16184     0.05118 
    39.145496     0.08757     0.02769 
    39.558243     0.11139     0.03522 
    39.858197     0.16727     0.05290 
    40.134989     0.12594     0.03983 
    40.461068     0.11662     0.03688 
    40.787706     0.12349     0.03905 
    41.098197     0.12697     0.04015 
    41.375594     0.15399     0.04870 
    41.621608     0.15786     0.04992 
    41.883303     0.13515     0.04274 
    42.259103     0.08006     0.02532 
    42.613036     0.15731     0.04975 
    42.849601     0.15758     0.04983 
    43.092288     0.14793     0.04678 
    43.337165     0.15297     0.04837 
    43.609084     0.12015     0.03799 
    43.976444     0.09237     0.02785 
    44.260617     0.26174     0.08277 
    44.445397     0.15423     0.04877 
    44.626806     0.27299     0.08633 
    44.892070     0.08866     0.02804 
    45.222719     0.13463     0.04257 
    45.486892     0.13108     0.04145 
    45.779533     0.10921     0.03453 
    46.042045     0.16725     0.05289 
    46.382783     0.07227     0.02285 
    46.725775     0.16129     0.05100 
    46.956723     0.13519     0.04275 
    47.183108     0.16693     0.05279 
    47.415300     0.12796     0.04046 
    47.668751     0.13651     0.04317 
    47.880798     0.18517     0.05856 
    48.085552     0.14391     0.04551 
    48.376503     0.09349     0.02956 
    48.634362     0.19977     0.06317 
    48.868311     0.10710     0.03387 
    49.159759     0.11612     0.03672 
    49.383005     0.19220     0.06078 
