#  rad density density_err 
     0.007326   526.72894   135.21497 
     0.012327   958.48911   671.18005 
     0.014992   546.49625   108.26967 
     0.018317   446.25920   238.41829 
     0.022483   599.22122    41.72512 
     0.027469   593.72752    49.69436 
     0.033485   616.00918    17.07418 
     0.041006   681.69041    95.75894 
     0.041865   782.68531   271.23528 
     0.049986   669.24816    74.94376 
     0.054431   604.76574    25.18407 
     0.061214   775.50961   257.00348 
     0.074619   747.45867   214.05912 
     0.081442   616.00918     8.52367 
     0.091379   747.45867   214.05912 
     0.108855   616.00918     8.52367 
     0.111647   627.46164     8.68213 
     0.136097   627.46164    17.39162 
     0.136411   561.80705    86.96720 
     0.162873   700.78885   138.83750 
     0.166667   645.04080    44.91565 
     0.190480   713.81749   172.71959 
     0.202698   687.99801   126.32982 
     0.203633   874.15246   509.69356 
     0.217194   775.50961   292.40684 
     0.244821   747.45867   247.70742 
     0.248799   754.37482   261.42443 
     0.272175   687.99801   146.31779 
     0.281740   681.69041   135.05380 
     0.299122   681.69041   144.97634 
     0.303983   733.81601   243.18625 
     0.326474   651.00929   100.77562 
     0.353060   651.00929   110.13831 
     0.371406   866.13818   577.09180 
     0.380933   627.46164    88.14128 
     0.391605   556.65637    23.18067 
     0.408177   610.36157    68.34952 
     0.435360   577.54680    24.05060 
     0.453784   789.92741   447.66054 
     0.489608   567.00538    31.53338 
     0.544313   531.60271    14.73465 
     0.554433   733.81601   380.23872 
     0.571280   567.00538    71.55655 
     0.652903   458.76173    57.89611 
     0.677406   582.89078   158.26185 
     0.734258   434.09740    60.97887 
     0.756569   463.00660     6.40658 
     0.816298   388.67552    88.34131 
     0.827654   426.17423    29.67547 
     0.897116   364.40740    88.17421 
     0.979149   332.34350    95.17738 
     1.011227   385.11212    10.67431 
     1.051596   378.08303    10.47948 
     1.061326   332.34350    65.84257 
     1.224190   371.18224    62.79693 
     1.238365   536.52157   441.24340 
     1.461668   205.86721   100.10032 
     1.468415   281.57052     3.89607 
     1.513034   344.81582   135.31108 
     1.713360   219.57717    18.37837 
     1.769493   236.36718    23.12028 
     1.848625   261.56955    90.64548 
     1.958163   171.23289    31.44169 
     2.202159   147.77031    22.87470 
     2.258649   162.02692     9.01095 
     2.448210   122.90999    20.79402 
     2.690598   115.23574     3.19404 
     2.759617   137.27365    43.42309 
     2.850026    94.97016    16.06713 
     2.936627   101.29481     1.40161 
     3.426484    64.50408    14.66101 
     3.952290    52.18999     5.10497 
     4.157658    39.95648    13.84670 
     4.907369    30.59054     5.17533 
     5.068142    27.38969     6.22535 
     5.660421    24.97970     1.04022 
     6.409863    19.47992     2.73640 
     7.158940    12.29100     1.20225 
     7.292035    12.75226     0.35346 
     8.411022     8.04613     0.44748 
     9.524644     7.00789     2.00694 
    10.114245     6.59923     0.85915 
    10.296634     4.00062     0.52531 
    10.499110     4.94512     0.64380 
    10.668152     5.50347     0.72264 
    10.858384     3.87382     0.50433 
    11.076207     3.92358     0.51519 
    11.276550     4.42283     0.57580 
    11.479468     3.69616     0.48533 
    11.690432     3.93030     0.51168 
    11.922887     2.97160     0.39019 
    12.135824     4.68001     0.60928 
    12.334114     3.23640     0.42496 
    12.573382     3.02007     0.39318 
    12.858797     2.21879     0.29134 
    13.164322     2.48099     0.32300 
    13.423920     2.96801     0.38972 
    13.666621     2.70810     0.35257 
    13.948084     2.14032     0.28104 
    14.242579     2.35651     0.30679 
    14.547784     1.91914     0.25200 
    14.872429     1.98138     0.25795 
    15.232438     1.50988     0.19826 
    15.712972     1.06771     0.13900 
    16.227268     1.21321     0.15930 
    16.790212     0.85123     0.11082 
    17.484849     0.72097     0.09467 
    18.155210     0.85005     0.11067 
    18.799901     0.72109     0.09468 
    19.503720     0.66251     0.08625 
    20.455156     0.38369     0.05038 
    21.874949     0.25806     0.03360 
    23.794850     0.17825     0.02341 
    27.796706     0.05797     0.00755 
    49.456408     0.00498     0.00065 
    93.617651     0.00197     0.00026 
   138.335615     0.00173     0.00023 
   169.319793     0.00237     0.00031 
   195.390206     0.00164     0.00022 
