#  rad density density_err 
     0.007326   637.34690   299.80733 
     0.012327   698.83698   442.16163 
     0.014992   597.55224   207.07843 
     0.018317   581.26728   183.86938 
     0.022483   570.65796   163.42648 
     0.033485   394.79885   113.06350 
     0.041006   409.61503    99.11292 
     0.049986   347.03708   179.82291 
     0.074619   380.51859   137.65690 
     0.075657   461.71702    32.15040 
     0.091379   363.39243   165.21382 
     0.104918   417.23034    94.83148 
     0.111647   377.02998   153.77377 
     0.136411   483.47707    20.13328 
     0.146167   402.13871   133.26856 
     0.166667   565.42614    95.65928 
     0.202698   506.26264    14.03229 
     0.203633   515.67477    14.29317 
     0.248799   625.71401   160.62512 
     0.281740   535.02722     7.40313 
     0.303983   603.08133    93.35641 
     0.371406   457.48397   144.71362 
     0.391605   555.10595    23.11610 
     0.453784   539.97777    45.19556 
     0.544313   625.71401    96.85993 
     0.554433   550.01671    15.24504 
     0.677406   492.46558    48.17058 
     0.756569   565.42614   120.25021 
     0.827654   405.85965    74.52373 
     1.011227   413.40515    69.94024 
     1.051596   356.75977     9.88846 
     1.238365   278.21201     7.71132 
     1.461668   242.31253    65.79076 
     1.513034   183.81285     7.65446 
     1.848625    92.97708    42.27137 
     2.551812    63.15037     6.17706 
     3.538741    23.14067     5.25960 
     4.527399    14.73587     0.61364 
     4.890898    14.45886     1.89854 
     5.031121    12.23914     1.60708 
     5.203354     9.27563     1.20758 
     5.419435     7.16867     0.94129 
     5.632462     8.69670     1.14193 
     5.810897     9.43213     1.23850 
     6.011579     6.59189     0.86556 
     6.260816     5.55265     0.72910 
     6.535502     4.97617     0.65340 
     6.886998     3.25291     0.42349 
     7.295465     3.18089     0.41767 
     7.791427     1.99408     0.26183 
     8.387387     1.84112     0.24175 
     9.112641     1.18793     0.15598 
    10.263657     0.62057     0.08148 
    12.278830     0.29629     0.03857 
    16.900988     0.08197     0.01076 
    23.672114     0.05669     0.00744 
    29.663590     0.06097     0.00801 
    34.329361     0.06361     0.00835 
    39.057151     0.04521     0.00594 
    43.424903     0.06061     0.00796 
