#  rad density density_err 
     0.005331 10197.97347   141.10848 
     0.008992 10104.47789   280.07002 
     0.011012 10104.47789   420.77760 
     0.013485  9920.05038   274.95817 
     0.016514  9920.05038   690.75548 
     0.020177  9473.57457   394.50509 
     0.024652  9130.90613   507.80534 
     0.030189  8800.63234   736.60350 
     0.036800  7952.68678   442.27996 
     0.044962  7186.44122   399.66605 
     0.054809  6201.74461   171.89634 
     0.066965  5111.09411   141.66632 
     0.082007  4022.66510   450.46616 
     0.092013  3877.16138   107.46490 
     0.100196  3136.99537   576.01337 
     0.108855  2887.44605   488.50062 
     0.110369  2914.16326   367.76984 
     0.122419  2357.83754   675.24352 
     0.129077  2379.65434   402.59198 
     0.136097  2401.67301   133.56641 
     0.146841  2091.76975   263.98309 
     0.149571  1805.15242   598.22658 
     0.162873  1979.31027    54.86137 
     0.165519  1943.18379    53.86003 
     0.182746  1708.10230    47.34418 
     0.184013  1772.20468    73.79936 
     0.190480  1676.92592    46.48005 
     0.202231  1601.45182   111.51270 
     0.217194  1394.80623    19.29981 
     0.220724  1487.69491   208.98063 
     0.223279  1515.35323   300.21576 
     0.238698  1356.79389   229.54356 
     0.244821  1248.86035   104.52827 
     0.257542  1237.41073   227.21268 
     0.272175  1029.23342    28.52769 
     0.272803  1160.14929   263.68811 
     0.275962  1107.93397   187.44123 
     0.294340   956.12325    80.02649 
     0.299122   913.09061    50.78053 
     0.326474   725.29365    60.70630 
     0.331016   732.00471    30.48264 
     0.333310   718.64412    39.96661 
     0.353060   637.54945    62.36197 
     0.380933   570.83932    47.77864 
     0.386232   506.42353   115.10403 
     0.407238   445.15769   134.13482 
     0.408177   565.60583    39.38441 
     0.435360   511.10941    42.77931 
     0.441417   421.22475    71.26317 
     0.489608   511.10941   208.45881 
     0.496419   425.12229    65.80853 
     0.497564   417.36294    58.62813 
     0.551885   449.27668   254.61003 
     0.571280   380.63952   155.24594 
     0.606525   417.36294   321.12510 
     0.607923   217.02706    65.39455 
     0.652903   227.25523     6.29893 
     0.661986   199.76246    30.92304 
     0.717544   122.60661    85.85503 
     0.734258   163.12250    20.58620 
     0.744473   135.67939    51.15808 
     0.816298   146.05414     6.08209 
     0.827654   163.12250    44.28972 
     0.897116   100.11839    19.83506 
     0.909596   157.22220    89.09955 
     0.979149    91.30906     2.53085 
     0.992770   103.87568    23.60970 
     1.061326    72.52937     5.05038 
     1.111345    93.00662    48.19290 
     1.158374    48.81057    16.17580 
     1.224190    36.35079    21.19512 
     1.323880    37.71498     5.83824 
     1.357840    42.12247     4.71696 
     1.468415    27.32209     5.81064 
     1.488842    12.26066    21.31884 
     1.655193    19.97625     2.52102 
     1.659009    18.72897     4.25687 
     1.713360    18.21855     2.04015 
     1.819067    21.11125     8.93792 
     2.047569    10.03082     2.30123 
     2.184683    10.89900     2.50040 
     2.328155     8.12070     1.86302 
     2.473869     9.29656     2.13278 
     2.623365     6.88149     1.57872 
     2.854240     3.60060     0.82603 
     3.100362     4.92604     1.13011 
     3.305220     4.32134     0.99138 
     3.507583     4.46668     1.02473 
     3.681475     5.30708     1.21753 
     3.896146     2.82677     0.64851 
     4.228132     1.93331     0.43230 
     4.520685     3.41800     0.78414 
     4.737840     2.67493     0.61367 
     4.965359     2.81385     0.64554 
     5.162460     3.29503     0.75593 
     5.361022     2.57146     0.58993 
     5.556833     3.15894     0.72471 
     5.733571     2.91051     0.66772 
     5.900311     3.36575     0.77216 
     6.081898     2.35749     0.54084 
     6.276390     2.70554     0.62069 
     6.479061     2.05366     0.47114 
     6.680677     2.57230     0.59013 
     6.844912     3.04934     0.68185 
     6.998120     2.80746     0.64407 
     7.174926     2.11050     0.48418 
     7.356110     2.52706     0.57975 
     7.547785     1.81549     0.41650 
     7.722842     3.02512     0.69401 
     7.891023     1.85193     0.42486 
     8.090326     1.94998     0.44736 
     8.259159     2.50801     0.57538 
     8.387702     3.24496     0.74444 
     8.496293     3.35518     0.76973 
     8.609148     2.93606     0.67358 
     8.724262     3.13405     0.71900 
     8.867474     2.04156     0.45651 
     9.000664     3.71028     0.85120 
     9.105017     2.81083     0.64485 
     9.239084     2.18232     0.50066 
     9.403779     1.79235     0.41119 
     9.548006     2.90442     0.66632 
     9.645707     3.63026     0.83284 
     9.736506     3.26102     0.74813 
     9.858619     2.05876     0.47231 
     9.997406     2.35231     0.53966 
    10.104613     3.48680     0.79993 
    10.223134     1.95611     0.44876 
    10.363466     2.25412     0.51713 
    10.472392     3.43816     0.76880 
    10.564305     2.99981     0.68820 
    10.667273     2.56503     0.58846 
    10.768904     3.02766     0.69459 
    10.872626     2.42484     0.55630 
    10.989018     2.33032     0.53461 
    11.090269     3.23004     0.74102 
    11.192724     2.24220     0.51440 
    11.289952     3.62135     0.83079 
    11.357096     4.41368     1.01257 
    11.463199     1.73689     0.39847 
    11.598276     2.20436     0.50571 
    11.705992     2.65885     0.60998 
    11.802142     2.83473     0.63386 
    11.899458     2.55432     0.58600 
    11.991669     2.96903     0.68114 
    12.082144     2.60662     0.59800 
    12.186895     2.18650     0.50162 
    12.298044     2.25968     0.51841 
    12.384336     3.82914     0.87846 
    12.464963     2.48850     0.57090 
    12.580341     1.80364     0.41378 
    12.683920     3.22655     0.74022 
    12.777578     2.08647     0.47867 
    12.875607     2.84226     0.65206 
    12.963960     2.47946     0.56883 
    13.039769     4.24230     0.94861 
    13.100712     3.58720     0.82296 
    13.189480     2.02555     0.46469 
    13.290635     2.55299     0.58570 
    13.371590     3.10686     0.71276 
    13.434755     4.20397     0.96446 
    13.517196     2.00922     0.46095 
    13.619633     2.37383     0.54459 
    13.709080     2.58406     0.59282 
    13.793862     2.60353     0.59729 
    13.874320     2.84116     0.65181 
    13.951816     2.76882     0.63521 
    14.053050     1.73268     0.39750 
    14.157403     2.66029     0.59486 
    14.241382     2.54467     0.58379 
    14.325891     2.46666     0.56589 
    14.410105     2.53276     0.58106 
    14.499294     2.18331     0.50089 
    14.580031     3.14483     0.72147 
    14.654300     2.49858     0.57321 
    14.726800     3.29004     0.75479 
    14.805535     2.14859     0.49292 
    14.889365     2.79741     0.64177 
    14.958059     3.12047     0.71589 
    15.030318     2.52331     0.57889 
    15.118207     2.08253     0.47777 
    15.207581     2.53092     0.56593 
    15.287114     2.59034     0.59426 
    15.372958     2.06353     0.47341 
    15.462943     2.31036     0.53003 
    15.541746     2.66682     0.61181 
    15.610602     2.99147     0.68629 
    15.673923     3.11749     0.71520 
    15.750655     2.09644     0.48096 
    15.836001     2.41367     0.55373 
    15.898047     4.22890     0.97018 
    15.966978     2.03898     0.46777 
    16.062424     1.92087     0.44068 
    16.145023     2.78758     0.63951 
    16.216226     2.60972     0.58355 
    16.292729     2.38591     0.54737 
    16.368380     2.51309     0.57654 
    16.433518     3.24175     0.74371 
    16.511668     1.83992     0.42211 
    16.603538     2.16293     0.49621 
    16.668056     4.04666     0.92837 
    16.716096     3.52998     0.80983 
    16.768024     3.42790     0.78641 
    16.825359     2.89591     0.66437 
    16.876860     4.37666     1.00407 
    16.933712     2.45414     0.56302 
    17.022437     1.69695     0.38931 
    17.110367     2.61372     0.58445 
    17.180348     2.55881     0.58703 
    17.258202     2.01579     0.46245 
    17.354106     1.66135     0.38114 
    17.440378     2.56262     0.58791 
    17.510536     2.37686     0.54529 
    17.601185     1.58137     0.36279 
    17.691171     2.39633     0.54976 
    17.761978     2.42229     0.55571 
    17.836025     2.17891     0.49988 
    17.908658     2.50322     0.57428 
    17.974662     2.60612     0.59788 
    18.037516     2.74130     0.62890 
    18.105638     2.34139     0.52355 
    18.167177     3.46827     0.79568 
    18.229285     2.17630     0.49928 
    18.290998     3.50242     0.80351 
    18.359863     1.81939     0.41740 
    18.441629     2.24602     0.51527 
    18.518529     2.02111     0.46367 
    18.592469     2.42440     0.55620 
    18.666620     1.99466     0.45761 
    18.735613     2.84299     0.65223 
    18.810229     1.73869     0.39888 
    18.890118     2.37804     0.54556 
    18.967720     1.81396     0.41615 
    19.041892     2.76508     0.61829 
    19.105975     2.33744     0.53625 
    19.169032     2.70116     0.61969 
    19.244301     1.70542     0.39125 
    19.325588     2.22152     0.50965 
    19.393529     2.38247     0.54658 
    19.454573     2.74429     0.62958 
    19.515574     2.37065     0.54386 
    19.567212     4.07615     0.93513 
    19.611379     3.05811     0.70158 
    19.665099     2.69689     0.61871 
    19.719555     2.95502     0.67793 
    19.764908     3.94187     0.90433 
    19.823506     2.04856     0.45807 
    19.883194     3.71005     0.85114 
    19.937690     2.23046     0.51170 
    19.991051     3.90625     0.89616 
    20.045410     2.15528     0.49445 
    20.116797     2.06536     0.47383 
    20.181571     2.63947     0.60554 
    20.229966     3.73488     0.85684 
    20.280470     2.44493     0.56090 
    20.334653     3.13867     0.72006 
    20.378692     3.64610     0.83647 
    20.440675     1.77663     0.40759 
    20.519879     1.96126     0.44994 
