#  rad density density_err 
     0.005331  7789.29501  1543.18418 
     0.008992  7647.12435  1293.74711 
     0.011012  7717.88232  1417.15331 
     0.013485  7861.36847  1786.79536 
     0.016514  7717.88232  1641.37613 
     0.020177  7717.88232  1754.18267 
     0.023166  6130.53184   599.65869 
     0.024652  7370.52040  1246.95102 
     0.030189  7038.79234   988.75870 
     0.036800  6660.36688   745.84134 
     0.040350  5747.75374   481.08083 
     0.044962  6187.25695   430.83265 
     0.054809  5539.85187   153.55038 
     0.056474  5388.87553    74.56541 
     0.066965  4960.18817   206.55556 
     0.070121  4825.00927   200.92635 
     0.082007  4441.17772   123.09797 
     0.085674  4482.27143   124.23698 
     0.100196  3903.89522   108.20589 
     0.107362  3868.10409   161.07824 
     0.122419  3431.61180    95.11541 
     0.136411  2988.80893   124.46203 
     0.149571  2961.40737   289.67041 
     0.167436  2396.06256    99.77848 
     0.182746  2627.23035   635.70051 
     0.198998  1868.52173   209.24084 
     0.199457  1956.58244    81.47735 
     0.223279  2225.86158   873.46264 
     0.232728  1554.16868   130.08225 
     0.272803  1800.93547   904.35647 
     0.277875  1223.20192    85.17431 
     0.313942  1105.34577    61.47259 
     0.333310  1366.14926   774.21180 
     0.380933   854.07921   107.78551 
     0.407238  1017.41504   643.72937 
     0.445501   672.19945   133.17348 
     0.497564   703.87923   433.63898 
     0.512683   482.50093    40.38481 
     0.580562   379.75032    37.14532 
     0.607923   440.04608   213.96681 
     0.655917   255.56310    32.25228 
     0.665042   288.07008    28.17761 
     0.744473   270.08356   101.83533 
     0.746189   210.61929     5.83782 
     0.880742   153.99200    15.06275 
     0.909596   170.41121    64.25375 
     0.974650   115.74391     1.60154 
     0.990487   106.53643     4.43646 
     1.111345   102.68291    35.58419 
     1.267210    53.39470     7.50050 
     1.354718    58.54612    16.76659 
     1.357840    65.99304    32.08828 
     1.544716    31.29667     3.94967 
     1.659009    34.95410    12.64504 
     1.823261    21.65201     1.20415 
     1.958163    18.34417     2.05422 
     2.026977    14.97953     0.20727 
     2.103046    12.00876     2.20504 
     2.311260     9.98845     0.13821 
     2.316588    10.45919     0.72830 
     2.381490    10.08087     1.56051 
     2.659799     7.37052     1.67523 
     2.665930     5.64285     0.95466 
     2.740620     5.48906     0.38222 
     2.936627     4.24129     0.35499 
     3.173922     3.77713     0.89028 
     3.433851     2.97010     0.70006 
     3.689299     3.37609     0.79575 
     3.968848     2.19335     0.51698 
     4.293899     2.07839     0.48988 
     4.642759     1.63796     0.38607 
     5.077196     1.14648     0.27023 
     5.592041     0.95305     0.22464 
     6.049217     1.25679     0.29623 
     6.541198     0.72135     0.17002 
     7.157207     0.64055     0.15098 
     7.842616     0.48970     0.11542 
     8.859904     0.25092     0.05914 
     9.933205     0.33615     0.07923 
    10.709184     0.38546     0.09085 
    11.280974     0.56485     0.13314 
    11.791801     0.42468     0.10010 
    12.246546     0.69327     0.16341 
    12.794543     0.29517     0.06957 
    13.401501     0.46946     0.11065 
    13.885235     0.40287     0.09496 
    14.519123     0.26111     0.06154 
    15.142529     0.38519     0.09079 
    15.578059     0.48407     0.11410 
    15.939470     0.52412     0.12354 
    16.301342     0.46147     0.10877 
    16.640329     0.57938     0.13656 
    16.983336     0.43378     0.10224 
    17.359935     0.45295     0.10676 
    17.733147     0.42280     0.09966 
    18.094289     0.46540     0.10970 
    18.460806     0.39502     0.09311 
    18.885367     0.33246     0.07836 
    19.339846     0.32722     0.07713 
    19.745493     0.40458     0.09536 
    20.081196     0.45608     0.10750 
    20.401864     0.42740     0.10074 
    20.741752     0.39323     0.09269 
    21.105916     0.35995     0.08484 
    21.423680     0.51742     0.12196 
    21.707285     0.42741     0.10074 
    22.034486     0.37617     0.08866 
    22.377268     0.37661     0.08877 
    22.723552     0.35751     0.08427 
    23.030371     0.47659     0.11233 
    23.304558     0.42777     0.10083 
    23.549596     0.60011     0.14145 
    23.824461     0.34651     0.08167 
    24.184983     0.31670     0.07465 
    24.539062     0.34940     0.08235 
    24.892708     0.30841     0.07269 
    25.289501     0.26944     0.06351 
    25.655833     0.35762     0.08429 
    25.949153     0.40233     0.09483 
    26.226891     0.38862     0.09160 
    26.505920     0.39020     0.09197 
    26.756007     0.47973     0.11307 
    27.007165     0.38002     0.08957 
    27.283340     0.38431     0.09058 
    27.506178     0.60394     0.14235 
    27.753743     0.31989     0.07540 
    28.081985     0.30561     0.07203 
    28.412175     0.30875     0.07277 
    28.717637     0.35083     0.08269 
    29.003398     0.34395     0.08107 
    29.254727     0.45445     0.10711 
    29.525382     0.29779     0.07019 
    29.844579     0.30710     0.07238 
    30.111755     0.42897     0.10111 
    30.340820     0.39950     0.09416 
    30.559749     0.46520     0.10965 
    30.781290     0.38527     0.09081 
    30.993804     0.50381     0.11875 
    31.181932     0.47654     0.11232 
    31.378604     0.45523     0.10730 
    31.559878     0.56034     0.13207 
    31.750604     0.41115     0.09691 
    31.995043     0.33233     0.07833 
    32.213953     0.52810     0.12447 
    32.401430     0.42804     0.10089 
    32.580528     0.57987     0.13668 
    32.782977     0.34505     0.08133 
    33.019465     0.39488     0.09307 
    33.243710     0.37668     0.08878 
    33.426552     0.62600     0.14755 
    33.625975     0.32525     0.07666 
    33.849904     0.45521     0.10729 
    34.102961     0.26235     0.06184 
    34.401817     0.30007     0.07073 
    34.638667     0.42157     0.09937 
    34.848943     0.36638     0.08636 
    35.095572     0.30358     0.07155 
    35.348147     0.34303     0.08085 
    35.568394     0.39437     0.09295 
    35.740880     0.56952     0.13424 
    35.926905     0.34473     0.08125 
    36.145231     0.38598     0.09098 
    36.346045     0.40156     0.09465 
    36.522226     0.50256     0.11845 
    36.709723     0.35648     0.08402 
    36.941788     0.31625     0.07454 
    37.167172     0.37498     0.08838 
    37.368725     0.38807     0.09147 
    37.584917     0.32458     0.07650 
    37.809477     0.35358     0.08334 
    38.001041     0.44651     0.10524 
    38.168556     0.45162     0.10645 
    38.386895     0.27591     0.06503 
    38.587256     0.57005     0.13436 
    38.726988     0.49571     0.11684 
    38.879070     0.47558     0.11210 
    39.036155     0.46088     0.10863 
    39.209029     0.39174     0.09233 
    39.386715     0.43074     0.10153 
    39.553373     0.44041     0.10381 
    39.683323     0.75639     0.17828 
    39.831283     0.35875     0.08456 
    39.990710     0.60518     0.14264 
    40.169188     0.29892     0.07046 
    40.350502     0.57236     0.13491 
    40.534601     0.28947     0.06823 
    40.721221     0.54500     0.12846 
    40.900051     0.30644     0.07223 
    41.102150     0.39686     0.09354 
    41.257151     0.51674     0.12180 
    41.426923     0.33705     0.07944 
    41.645202     0.29729     0.07007 
    41.876542     0.29578     0.06972 
    42.063636     0.47662     0.11234 
    42.202224     0.50552     0.11915 
    42.348454     0.42767     0.10080 
    42.539643     0.30037     0.07080 
    42.708035     0.59581     0.14043 
    42.846748     0.40560     0.09560 
    43.009245     0.41591     0.09803 
    43.193360     0.31875     0.07513 
    43.391143     0.35214     0.08300 
    43.575377     0.36326     0.08562 
    43.736299     0.46500     0.10960 
    43.877466     0.46151     0.10878 
    44.020753     0.44850     0.10571 
    44.182246     0.36451     0.08591 
    44.331613     0.53474     0.12604 
    44.472383     0.40087     0.09449 
    44.622024     0.46325     0.10919 
    44.758713     0.47486     0.11192 
    44.904712     0.40581     0.09565 
    45.062873     0.39954     0.09417 
    45.214952     0.43683     0.10296 
    45.371803     0.37437     0.08824 
    45.493719     0.83765     0.19744 
    45.612865     0.38505     0.09076 
    45.769940     0.41441     0.09768 
    45.941125     0.32591     0.07682 
    46.082230     0.68408     0.16124 
    46.209726     0.37775     0.08904 
    46.385723     0.32873     0.07748 
    46.568038     0.34805     0.08204 
    46.726710     0.43607     0.10278 
    46.868070     0.43008     0.10137 
    47.046478     0.28363     0.06685 
    47.226136     0.41944     0.09886 
    47.359041     0.49916     0.11765 
    47.484429     0.46555     0.10973 
    47.647047     0.30732     0.07244 
    47.811866     0.44717     0.10540 
    47.919944     0.72763     0.17150 
    48.032457     0.41748     0.09840 
    48.180053     0.39035     0.09201 
    48.291415     0.84268     0.19862 
    48.406420     0.37079     0.08740 
    48.550763     0.45714     0.10775 
    48.689928     0.39420     0.09291 
    48.813031     0.60536     0.14268 
    48.983281     0.24013     0.05660 
    49.168759     0.45733     0.10779 
    49.302013     0.41772     0.09846 
    49.442398     0.40901     0.09641 
    49.574130     0.47445     0.11183 
    49.740372     0.27337     0.06443 
    49.884458     0.74111     0.17468 
    50.031670     0.26395     0.06221 
    50.215407     0.37897     0.08932 
    50.354206     0.44777     0.10554 
    50.483473     0.43161     0.10173 
    50.594872     0.62003     0.14614 
    50.692551     0.54320     0.12803 
    50.823114     0.35883     0.08458 
    50.984820     0.33783     0.07963 
    51.178591     0.25304     0.05964 
    51.331103     0.66592     0.15696 
    51.426989     0.51597     0.12161 
    51.547682     0.41654     0.09818 
    51.694646     0.34527     0.08138 
    51.842485     0.40880     0.09636 
    51.967703     0.47827     0.11273 
    52.119948     0.29047     0.06846 
    52.253493     0.70412     0.16596 
    52.366446     0.36953     0.08710 
    52.531455     0.29968     0.07064 
    52.683024     0.44879     0.10578 
    52.790489     0.57876     0.13642 
    52.889812     0.51644     0.12173 
    52.994461     0.51772     0.12203 
    53.083389     0.73485     0.17321 
    53.201318     0.33154     0.07815 
    53.378691     0.27905     0.06577 
    53.520026     0.59250     0.13965 
    53.627088     0.43157     0.10172 
    53.762856     0.36064     0.08500 
    53.932595     0.27706     0.06530 
    54.090191     0.42896     0.10111 
    54.193368     0.63777     0.15032 
    54.289111     0.48591     0.11453 
    54.402000     0.44939     0.10592 
    54.532963     0.36293     0.08554 
    54.656741     0.50983     0.12017 
    54.751434     0.60434     0.14245 
    54.850718     0.46637     0.10992 
    54.970475     0.40867     0.09632 
    55.079245     0.57782     0.13619 
    55.164279     0.64872     0.15290 
    55.294461     0.28734     0.06773 
    55.441913     0.45091     0.10628 
    55.549867     0.50904     0.11998 
    55.688145     0.29355     0.06919 
    55.864499     0.28897     0.06811 
    56.007427     0.47189     0.11123 
    56.105457     0.58245     0.13728 
    56.199650     0.50611     0.11929 
    56.291639     0.61125     0.14407 
    56.443413     0.23040     0.05431 
    56.622525     0.36680     0.08646 
    56.779168     0.28774     0.06782 
    56.923320     0.44556     0.10502 
    57.040840     0.41137     0.09696 
    57.175793     0.33896     0.07989 
    57.306045     0.44364     0.10457 
    57.403602     0.60543     0.14270 
    57.506253     0.40544     0.09556 
    57.639808     0.34458     0.08122 
    57.780469     0.36168     0.08525 
    57.886406     0.66173     0.15597 
    57.970214     0.53236     0.12548 
    58.058189     0.59364     0.13992 
    58.187817     0.27952     0.06588 
    58.329569     0.45745     0.10782 
    58.430341     0.52059     0.12271 
    58.512062     0.70687     0.16661 
    58.594324     0.51325     0.12097 
    58.684214     0.57758     0.13614 
    58.773993     0.51287     0.12088 
    58.865224     0.55668     0.13121 
    58.949423     0.60016     0.14146 
    59.034636     0.54250     0.12787 
    59.110607     0.77556     0.18280 
    59.211030     0.34970     0.08242 
    59.329715     0.48766     0.11494 
    59.446597     0.35763     0.08430 
    59.565639     0.46543     0.10970 
    59.684863     0.35524     0.08373 
    59.815441     0.37999     0.08956 
    59.924183     0.52280     0.12322 
    60.016612     0.51100     0.12044 
    60.121477     0.40965     0.09655 
    60.228458     0.48714     0.11482 
    60.332273     0.43171     0.10176 
    60.439265     0.45578     0.10743 
    60.583622     0.25599     0.06034 
    60.719345     0.54401     0.12822 
    60.823789     0.38556     0.09088 
    60.934784     0.47095     0.11100 
    61.052409     0.34650     0.08167 
    61.188905     0.34033     0.08022 
    61.321639     0.36526     0.08609 
    61.441576     0.41641     0.09815 
    61.551543     0.43110     0.10161 
    61.657403     0.44780     0.10555 
    61.768248     0.39328     0.09270 
    61.889389     0.37224     0.08774 
    61.997322     0.50493     0.11901 
    62.120201     0.29899     0.07047 
    62.261833     0.35662     0.08406 
    62.409413     0.27630     0.06512 
    62.557903     0.35000     0.08249 
    62.670757     0.48186     0.11358 
    62.759032     0.55882     0.13171 
    62.857360     0.39642     0.09344 
    62.964071     0.46214     0.10893 
    63.099100     0.26457     0.06236 
    63.255480     0.32084     0.07562 
    63.394712     0.32912     0.07757 
    63.495933     0.69266     0.16326 
    63.570404     0.53773     0.12674 
    63.675424     0.35641     0.08401 
    63.773961     0.63412     0.14946 
    63.854599     0.49609     0.11693 
    63.948776     0.45750     0.10783 
    64.055978     0.38394     0.09050 
    64.172207     0.38493     0.09073 
    64.273677     0.51252     0.12080 
    64.376515     0.37487     0.08836 
    64.507245     0.31110     0.07333 
    64.630655     0.42594     0.10039 
    64.732735     0.44214     0.10421 
    64.851226     0.32271     0.07606 
    64.962722     0.51215     0.12071 
    65.056468     0.43434     0.10237 
    65.146157     0.56384     0.13290 
    65.222416     0.58937     0.13891 
    65.291089     0.69846     0.16463 
    65.376657     0.40456     0.09536 
    65.498556     0.32283     0.07609 
    65.636983     0.30873     0.07277 
    65.761296     0.40618     0.09574 
    65.863553     0.44721     0.10541 
    65.950957     0.56016     0.13203 
    66.057296     0.32093     0.07564 
    66.165369     0.53445     0.12597 
