#  rad density density_err 
     0.007326   230.52525    49.02623 
     0.012327   245.87734    27.53384 
     0.013485   318.21343    91.13077 
     0.014992   248.15241    24.27306 
     0.018317   287.55340    36.28948 
     0.022483   264.67840     7.33620 
     0.026968   315.29603    85.60666 
     0.027469   303.89147    64.62915 
     0.033485   309.54123    74.89846 
     0.041006   279.71677    27.36053 
     0.049986   298.34482    63.44954 
     0.054431   309.54123    84.04416 
     0.061214   318.21343   105.45577 
     0.074619   298.34482    76.58718 
     0.081442   309.54123    97.91563 
     0.091379   298.34482    85.44075 
     0.108855   306.70334   115.64287 
     0.111647   309.54123   121.46879 
     0.136097   284.91709    98.73645 
     0.136411   290.21410   104.98823 
     0.162873   255.10473    65.48715 
     0.166667   216.13172     5.99061 
     0.190480   224.24280    34.71257 
     0.203633   198.93835     2.75269 
     0.217194   202.63689    19.82095 
     0.244821   186.51704    15.61128 
     0.248799   173.26806     2.39750 
     0.272175   171.67953    11.95443 
     0.299122   165.46971    23.24399 
     0.303983   145.45160     6.05700 
     0.326474   158.02235    31.30676 
     0.353060   149.52662    33.98562 
     0.371406   132.65344    16.74097 
     0.380933   132.65344    22.44242 
     0.408177   117.68429    13.17852 
     0.435360   110.33632    15.49925 
     0.453784    91.77376     6.39041 
     0.489608    90.93237     6.33183 
     0.554433    68.97926     3.83621 
     0.571280    74.25377     8.31509 
     0.652903    59.52762     7.51244 
     0.677406    56.32724     7.10855 
     0.734258    46.85096     3.92138 
     0.816298    35.21426     1.95840 
     0.827654    33.32104     2.78894 
     0.897116    30.67033     0.85010 
     0.979149    23.48110     1.96534 
     1.011227    25.51047     3.94900 
     1.061326    20.26369     0.84383 
     1.224190    15.51381     0.86278 
     1.238365    14.95266     0.62267 
     1.468415     4.47423     6.13644 
     1.513034    12.21008     6.72093 
     1.713360     2.08314     4.84365 
     1.958163     2.39176     2.40757 
     2.352692     0.74327     0.23504 
     3.653765     0.25744     0.08141 
     5.146318     0.23916     0.07563 
     6.880513     0.10634     0.03363 
     8.850795     0.11205     0.03378 
    10.463350     0.10419     0.03295 
    12.330337     0.05676     0.01795 
    13.958190     0.11616     0.03673 
    14.935888     0.10942     0.03460 
    15.831863     0.12288     0.03886 
    16.854027     0.07701     0.02435 
    18.059426     0.08184     0.02467 
    18.905726     0.16571     0.05240 
    19.512049     0.11576     0.03661 
    20.355730     0.07956     0.02516 
    21.177198     0.11383     0.03600 
    22.288084     0.04573     0.01446 
    23.736062     0.05025     0.01589 
    25.123776     0.04836     0.01458 
    26.308025     0.06523     0.02063 
    27.476002     0.04113     0.01301 
    28.900204     0.03825     0.01209 
    30.173570     0.04766     0.01507 
    31.326656     0.04236     0.01340 
    32.418666     0.04986     0.01577 
    33.529368     0.04222     0.01273 
    34.917902     0.02959     0.00936 
    36.344643     0.03335     0.01055 
    37.357118     0.05985     0.01893 
    38.352160     0.03246     0.01027 
    39.834452     0.02369     0.00749 
    41.036831     0.05398     0.01707 
    41.932970     0.03535     0.01118 
