#  rad density density_err 
     0.005832   842.09424   409.45763 
     0.009837   898.17445   324.92475 
     0.011991   819.14483   437.63604 
     0.014650   949.20648   271.83617 
     0.017818   865.68660   366.50797 
     0.021820   975.79974   221.78765 
     0.026659  1069.94313    89.55309 
     0.032647  1069.94313    59.50371 
     0.039797  1184.02452   115.81550 
     0.048848  1251.29784   266.11580 
     0.059545  1298.25707   391.19055 
     0.072753  1286.35458   426.29724 
     0.081442  1151.75657   211.48491 
     0.089094  1184.02452   321.47688 
     0.108605  1173.16932   424.40725 
     0.108855  1089.83486   247.70648 
     0.132693  1228.45909   696.18126 
     0.136097  1012.41995   274.88418 
     0.162498  1110.09641   647.26580 
     0.162873   940.50411   283.39250 
     0.190480   782.27724   143.64132 
     0.198540   842.09424   304.63710 
     0.217194   668.89923    84.41564 
     0.242577   687.63931   227.88331 
     0.244821   587.97749    65.84291 
     0.272175   493.58357    13.68086 
     0.296380   471.36865    39.45305 
     0.299122   406.78103    45.55216 
     0.326474   357.56969    50.22881 
     0.353060   332.17022    27.80229 
     0.362117   323.11766    27.04460 
     0.380933   302.94284    16.84783 
     0.408177   266.29358    26.04754 
     0.435360   240.63605    23.53784 
     0.442434   231.93201    22.68646 
     0.489608   184.23015    36.49894 
     0.540566   172.72719     2.39001 
     0.571280   156.08483     2.15973 
     0.652903   103.12422    26.47270 
     0.660463   116.24136     3.22191 
     0.734258    75.39815    27.27613 
     0.806954    72.00468     7.04315 
     0.816298    73.34334     3.05421 
     0.897116    69.40020    14.75947 
     0.979149    52.64543     5.89534 
     0.985936    70.04235    43.15100 
     1.061326    40.30516     0.55770 
     1.204616    31.14302     3.93027 
     1.224190    25.90363     2.53377 
     1.360971    14.90599     7.96367 
     1.468415    16.19424     0.90063 
     1.471800    16.49532     0.45721 
     1.713360     8.49886     3.20451 
     1.769493     7.82277     2.71094 
     1.798245     8.89940     0.49493 
     1.887334     6.94002     1.57738 
     1.958163     8.49886     2.18172 
     2.089949     3.57708     1.13117 
     2.251041     6.46913     2.04572 
     2.365937     5.58256     1.76536 
     2.551834     2.73008     0.82315 
     2.768536     3.15678     0.99826 
     3.021037     1.63155     0.51594 
     3.419125     0.98353     0.31102 
     4.087042     0.45147     0.14277 
     5.002890     0.36108     0.10887 
     6.954263     0.07801     0.02467 
    11.615574     0.02145     0.00678 
    16.564410     0.02738     0.00866 
    21.651787     0.01103     0.00349 
    26.214032     0.02717     0.00819 
    28.647637     0.02306     0.00729 
    32.593281     0.00891     0.00282 
    36.820251     0.01455     0.00460 
    39.643692     0.01501     0.00475 
    42.197263     0.01706     0.00514 
    44.464951     0.01701     0.00538 
    46.167323     0.02650     0.00838 
    47.830345     0.01643     0.00520 
    49.924933     0.01473     0.00466 
    52.026602     0.01650     0.00498 
    53.967660     0.01600     0.00506 
    55.675839     0.01817     0.00575 
    57.125485     0.02101     0.00664 
    58.407620     0.02200     0.00696 
