#  rad density density_err 
     0.041667  1734.72458   734.53734 
     0.125000  1567.22205   331.71861 
     0.208333  1552.13872   287.06171 
     0.291667  1480.23454   289.54970 
     0.458333  1071.59464   130.99962 
     0.708333   745.98575    69.56404 
     1.041667   491.96084    39.30391 
     1.458333   282.83329    29.83007 
     1.875000   176.00724    18.16802 
     2.291667   120.92902    14.48034 
     2.708333    83.27805    11.04267 
     3.125000    62.44973     7.07687 
     3.541667    44.82606     7.86773 
     3.958333    32.32440     6.80224 
     4.375000    27.38612     5.46115 
     4.791667    20.25492     3.02681 
     5.416667    15.43585     1.87947 
     5.978334    15.50225     1.42710 
     6.199039    12.68822     1.16805 
     6.422260    14.08102     1.29626 
     6.652395    11.17622     1.02885 
     6.900644    11.15841     1.02722 
     7.163386     9.31051     0.85710 
     7.449186     8.69308     0.80026 
     7.731276     8.86007     0.81564 
     8.021890     7.62427     0.70187 
     8.370366     5.75462     0.52976 
     8.744288     5.99996     0.55234 
     9.168986     4.16784     0.38368 
     9.642433     4.27633     0.39367 
    10.184301     2.93505     0.27019 
    10.873997     2.29938     0.21167 
    11.839603     1.34414     0.12374 
    13.169246     0.96410     0.08875 
    14.841388     0.67846     0.06246 
    17.182759     0.38790     0.03571 
    20.372116     0.25887     0.02383 
    23.555573     0.28415     0.02616 
    26.553232     0.22175     0.02041 
    29.540679     0.22824     0.02101 
    32.324613     0.20881     0.01922 
    34.833986     0.24109     0.02219 
    37.156805     0.20978     0.01931 
    39.531819     0.20296     0.01868 
    41.643236     0.23961     0.02206 
    43.495009     0.23706     0.02182 
    45.355321     0.21802     0.02007 
    47.213015     0.21902     0.02016 
    49.047826     0.20658     0.01902 
    50.674428     0.26477     0.02437 
    52.171816     0.22568     0.02078 
    53.813501     0.20671     0.01903 
    55.367744     0.23884     0.02199 
    56.785469     0.23368     0.02151 
    58.274221     0.20629     0.01899 
    59.771961     0.21922     0.02018 
    61.121050     0.24291     0.02236 
    62.452215     0.21519     0.01981 
    63.760273     0.24169     0.02225 
    65.021263     0.22162     0.02040 
    66.156835     0.29331     0.02700 
    67.209203     0.24579     0.02263 
    68.309541     0.25844     0.02379 
    69.406418     0.23946     0.02204 
    70.533540     0.23683     0.02180 
    71.629287     0.24567     0.02262 
    72.635458     0.27357     0.02518 
    73.555511     0.28528     0.02626 
    74.560018     0.22610     0.02081 
    75.533626     0.29842     0.02747 
    76.415030     0.26437     0.02434 
    77.393821     0.23606     0.02173 
    78.424381     0.23178     0.02134 
    79.361869     0.28111     0.02588 
    80.240837     0.25548     0.02352 
    81.104881     0.28518     0.02625 
    81.902742     0.29256     0.02693 
    82.713207     0.27122     0.02497 
    83.548036     0.27001     0.02486 
    84.415234     0.24667     0.02271 
    85.285240     0.26274     0.02419 
