#  rad density density_err 
     0.005832   952.24358   478.17795 
     0.009837   756.39396   355.80694 
     0.011991   677.24850   255.35737 
     0.014650   611.99525   184.40628 
     0.017818   611.99525   221.39619 
     0.021820   558.14630   168.18053 
     0.026659   518.49915   125.45918 
     0.032647   558.14630   245.00834 
     0.039797   509.03548   176.40344 
     0.048848   443.35137    87.83501 
     0.054935   295.62969   116.00968 
     0.059545   379.09500    15.78653 
     0.072753   279.73580    96.94090 
     0.073426   301.12586    72.86223 
     0.089094   252.78311   107.02144 
     0.092013   312.42664    21.75497 
     0.108605   262.26966    67.32644 
     0.110369   327.15085    36.63501 
     0.129077   333.23304    75.73990 
     0.132693   264.69641    29.64124 
     0.146841   306.72421    60.76698 
     0.162498   274.63005    26.86297 
     0.165519   248.16930    10.33444 
     0.184013   204.52578    52.50318 
     0.198540   248.16930    27.79050 
     0.202231   202.65067    37.21061 
     0.220724   208.32820    11.58594 
     0.238698   216.14642    15.05076 
     0.242577   287.57296   162.97076 
     0.257542   208.32820    20.37765 
     0.275962   186.52973     5.17012 
     0.294340   184.81961    12.86941 
     0.296380   183.12517    10.18431 
     0.331016   167.01214     9.28820 
     0.362117   142.80653     9.94394 
     0.386232   156.58424    26.49106 
     0.441417   127.86393     3.54406 
     0.442434   138.91465    23.50170 
     0.496419   120.98960    16.99575 
     0.540566   104.41143     5.80673 
     0.551885   120.98960    38.27204 
     0.606525   110.34383    36.56789 
     0.660463    97.89219    29.49685 
     0.661986    85.26053     7.13622 
     0.717544    87.64922    25.10121 
     0.806954    86.84565    46.39813 
     0.827654    77.04564    30.23390 
     0.985936    58.98588    21.33881 
     0.992770    59.53167    23.36115 
     1.158374    45.57724    15.79454 
     1.204616    39.33218     8.36485 
     1.323880    24.81693     6.37068 
     1.471800    23.69998     0.98693 
     1.488842    20.83282     4.12732 
     1.655193    16.85575     3.83111 
     1.798245    12.09896     6.07561 
     1.819067    16.09712     0.22273 
     1.985403    11.98804     2.37502 
     2.158753     5.33146     1.16342 
     2.482426     3.77186     0.82309 
     2.837188     3.34119     0.72911 
     3.214638     2.58422     0.56392 
     3.590736     2.66041     0.58055 
     4.022480     1.61773     0.35302 
     4.433226     2.44875     0.53436 
     4.832637     1.40871     0.30741 
     5.412945     0.92203     0.20120 
     6.067428     0.86165     0.18803 
     6.852387     0.52411     0.11437 
     7.619702     0.72620     0.15847 
     8.103724     1.13295     0.24723 
     8.519623     0.83868     0.18301 
     9.111424     0.51243     0.11182 
     9.825356     0.47775     0.10425 
    10.455427     0.58321     0.12727 
    10.976193     0.61713     0.13467 
    11.484890     0.55539     0.12120 
    11.991821     0.56894     0.12415 
    12.464213     0.58946     0.12863 
    12.958974     0.48242     0.10527 
    13.475801     0.49700     0.10845 
    13.978061     0.47302     0.10322 
    14.395925     0.70302     0.15341 
    14.780538     0.51511     0.11241 
    15.243085     0.45106     0.09843 
    15.658543     0.61903     0.13508 
    16.020350     0.55075     0.12018 
    16.343436     0.76487     0.16691 
    16.690426     0.46939     0.10243 
    17.073072     0.57801     0.12613 
    17.415071     0.55577     0.12128 
    17.740071     0.61836     0.13494 
    18.049268     0.59026     0.12881 
    18.389708     0.49500     0.10802 
    18.742579     0.52668     0.11493 
    19.058779     0.59685     0.13024 
    19.319321     0.76123     0.16611 
    19.565427     0.64475     0.14070 
    19.832308     0.62692     0.13681 
    20.133564     0.49747     0.10856 
    20.481647     0.45020     0.09824 
    20.775447     0.71458     0.15593 
    21.022026     0.59318     0.12944 
    21.229034     1.07843     0.23533 
    21.396089     0.83036     0.18120 
    21.597589     0.72018     0.15716 
    21.823643     0.64557     0.14088 
    22.047865     0.71771     0.15662 
    22.254598     0.74256     0.16204 
    22.421203     1.13827     0.24839 
    22.610082     0.59896     0.13070 
    22.865375     0.55412     0.12092 
    23.115855     0.60963     0.13303 
    23.370615     0.52510     0.11459 
    23.600027     0.75946     0.16573 
    23.784334     0.77152     0.16836 
    23.963682     0.78995     0.17238 
    24.148067     0.72007     0.15713 
    24.365726     0.56424     0.12313 
    24.579672     0.73586     0.16058 
    24.741468     0.97320     0.21237 
    24.909067     0.68322     0.14909 
    25.117284     0.60472     0.13196 
    25.346760     0.55194     0.12044 
    25.554012     0.74484     0.16254 
    25.795247     0.42223     0.09214 
    26.026334     0.82688     0.18044 
    26.194378     0.70579     0.15402 
    26.389481     0.60476     0.13197 
    26.561372     0.93655     0.20437 
    26.686811     1.07482     0.23454 
    26.855326     0.56440     0.12316 
    27.065995     0.61487     0.13418 
    27.271008     0.58585     0.12784 
    27.520035     0.42044     0.09175 
    27.759570     0.63297     0.13813 
    27.940109     0.70010     0.15278 
    28.106684     0.73273     0.15990 
    28.245478     1.02626     0.22395 
    28.381614     0.75022     0.16371 
    28.522957     0.93207     0.20340 
    28.656965     0.81961     0.17885 
    28.807750     0.72844     0.15896 
    28.971502     0.68573     0.14964 
    29.134286     0.72915     0.15911 
    29.272468     0.95922     0.20932 
    29.402604     0.80481     0.17562 
    29.571837     0.57306     0.12505 
    29.752695     0.68293     0.14903 
    29.926678     0.60870     0.13283 
    30.135210     0.47481     0.10361 
    30.322016     0.78718     0.17178 
    30.458555     0.82473     0.17997 
    30.594332     0.78875     0.17212 
    30.771637     0.50260     0.10968 
    30.975595     0.56253     0.12276 
    31.160073     0.60549     0.13213 
    31.304035     0.96379     0.21032 
    31.436450     0.69015     0.15060 
    31.601868     0.59824     0.13055 
    31.750628     0.87189     0.19026 
    31.872222     0.85636     0.18687 
    31.987742     0.96222     0.20997 
    32.102534     0.86046     0.18777 
    32.231356     0.75886     0.16560 
    32.380207     0.64090     0.13986 
    32.531040     0.73066     0.15944 
    32.672991     0.71390     0.15579 
    32.799609     0.92682     0.20225 
    32.911912     0.88565     0.19327 
    33.030074     0.83173     0.18150 
    33.166889     0.66310     0.14470 
    33.312239     0.72320     0.15781 
    33.425801     1.13122     0.24685 
    33.533288     0.78739     0.17182 
    33.649106     0.94550     0.20632 
    33.768107     0.74446     0.16246 
    33.927926     0.52768     0.11515 
    34.097082     0.64648     0.14107 
    34.246282     0.66492     0.14510 
    34.392964     0.66294     0.14466 
    34.513468     1.02562     0.22381 
    34.660833     0.48139     0.10505 
    34.853970     0.51566     0.11253 
    34.989123     1.13253     0.24714 
    35.101138     0.68166     0.14875 
    35.220206     0.96390     0.21034 
    35.354707     0.55429     0.12096 
    35.495169     0.85313     0.18617 
    35.623672     0.63983     0.13962 
    35.776574     0.58692     0.12808 
    35.910469     0.85685     0.18698 
    36.047765     0.55864     0.12190 
    36.192271     0.75053     0.16378 
    36.314908     0.75296     0.16431 
    36.462586     0.52946     0.11554 
    36.595687     0.98120     0.21412 
    36.711127     0.66068     0.14417 
    36.830347     0.90169     0.19676 
    36.926303     0.99168     0.21640 
    37.028493     0.79801     0.17414 
    37.181792     0.46457     0.10138 
    37.343065     0.69350     0.15133 
    37.468051     0.73774     0.16099 
    37.594088     0.67783     0.14792 
    37.714366     0.81006     0.17677 
    37.831647     0.70585     0.15403 
    37.965865     0.61444     0.13408 
    38.095923     0.75086     0.16385 
    38.209147     0.79807     0.17415 
    38.308096     0.98816     0.21563 
    38.397359     0.96466     0.21051 
    38.517916     0.57509     0.12550 
    38.653350     0.72066     0.15726 
    38.764974     0.83492     0.18220 
    38.862548     0.93600     0.20425 
    38.959632     0.83872     0.18302 
    39.065020     0.78859     0.17208 
    39.189065     0.61094     0.13332 
    39.311661     0.80515     0.17570 
    39.414241     0.85169     0.18585 
    39.539417     0.56058     0.12233 
    39.677950     0.66707     0.14557 
    39.802650     0.68199     0.14882 
    39.940501     0.54846     0.11968 
    40.073092     0.74065     0.16162 
    40.196981     0.61514     0.13423 
    40.304875     1.02859     0.22446 
    40.411219     0.62624     0.13666 
    40.529838     0.78412     0.17111 
    40.640985     0.70213     0.15322 
    40.761646     0.66021     0.14407 
    40.878283     0.74955     0.16357 
    40.995757     0.64771     0.14134 
    41.112564     0.75451     0.16465 
    41.240055     0.55043     0.12011 
    41.380889     0.60082     0.13111 
    41.503671     0.72461     0.15812 
    41.635276     0.52786     0.11519 
    41.750455     1.02262     0.22315 
    41.833211     0.91590     0.19987 
    41.948715     0.55416     0.12093 
    42.072825     0.76059     0.16597 
    42.184802     0.66295     0.14467 
    42.326945     0.47922     0.10457 
    42.453350     0.89428     0.19515 
    42.560473     0.62221     0.13578 
    42.698921     0.51946     0.11336 
    42.830890     0.68902     0.15036 
    42.940226     0.73833     0.16112 
    43.061017     0.57004     0.12439 
    43.186700     0.67177     0.14659 
    43.313270     0.55942     0.12208 
    43.441027     0.65436     0.14279 
    43.555534     0.68859     0.15026 
    43.663854     0.72761     0.15878 
    43.770395     0.70780     0.15446 
    43.868420     0.86413     0.18857 
    43.985805     0.51830     0.11310 
    44.124476     0.57937     0.12643 
    44.253841     0.59007     0.12876 
    44.390533     0.51786     0.11301 
    44.507778     0.84281     0.18392 
    44.602861     0.74143     0.16179 
    44.704411     0.73273     0.15989 
    44.797714     0.88219     0.19251 
    44.882110     0.88420     0.19295 
    44.983767     0.62387     0.13614 
    45.118467     0.49284     0.10755 
    45.248367     0.67462     0.14721 
    45.343263     0.91793     0.20031 
    45.434018     0.72683     0.15861 
    45.538047     0.68692     0.14990 
    45.641311     0.73463     0.16031 
    45.752032     0.59996     0.13092 
    45.890018     0.47229     0.10306 
    46.023163     0.64795     0.14139 
    46.125852     0.77663     0.16947 
    46.245077     0.49792     0.10865 
    46.397301     0.45220     0.09868 
    46.554531     0.46270     0.10097 
