#  rad density density_err 
     0.005832  1472.07394   206.78631 
     0.009837  1330.23884    18.40640 
     0.011991  1116.68228   319.79832 
     0.014650  1305.95924    72.62949 
     0.017818  1354.96982    18.74860 
     0.021820  2187.40713  1798.95650 
     0.026659  2013.39796  1375.58273 
     0.032647  2398.44422  2414.29500 
     0.039797  2333.07996  2260.28405 
     0.048848  2147.48245  1804.53857 
     0.052948  1584.63638   477.48231 
     0.054431  1270.36823    52.90155 
     0.059545  2032.02770  1528.01380 
     0.061496  1629.03203   589.32074 
     0.070445  1887.68543  1225.95223 
     0.072753  1599.29884   578.56442 
     0.079040  2147.48245  1960.68005 
     0.081442  1224.41777    50.98804 
     0.088074  1819.40600  1151.15762 
     0.089094  1213.19224    33.62655 
     0.097017  1305.95924   127.74256 
     0.105402  1116.68228   125.04834 
     0.108605  1405.81969   340.16062 
     0.108855  1147.96758    63.84296 
     0.114511  1018.42634   231.47617 
     0.122984   878.88008   385.80019 
     0.132084   831.62900   417.61022 
     0.132693  1570.10835   813.57721 
     0.136097  1076.29079    74.94455 
     0.140880   847.09013   371.84542 
     0.158434   946.08384   173.71939 
     0.162498   928.81586   197.53297 
     0.162873  1037.36030    28.75295 
     0.184862   903.50305   139.86141 
     0.190480   981.58887    13.58216 
     0.198540   758.45466   297.62938 
     0.210789   911.86306    37.97243 
     0.217194   963.67285    67.10271 
     0.237601   870.82246    12.04950 
     0.242577   808.96480    90.58951 
     0.244821   946.08384   119.39657 
     0.264149   751.50110   105.56545 
     0.272175   878.88008   110.91540 
     0.290301   981.58887   370.10927 
     0.296380  1056.64627   547.51847 
     0.299122   887.01226   227.70219 
     0.316846   999.83796   518.08232 
     0.326474   786.91826   121.81420 
     0.342648   878.88008   358.45612 
     0.353060   751.50110   148.88441 
     0.362117   972.58960   648.01841 
     0.380933   685.37715    96.27683 
     0.396140   685.37715   135.78420 
     0.408177   608.03646    25.32027 
     0.435360   544.41442    15.08976 
     0.442434   510.42228    49.92702 
     0.475170   482.98053    33.63102 
     0.489608   474.16514    19.74551 
     0.540566   394.39339    66.72381 
     0.554433   440.48348    18.34292 
     0.571280   428.47908    23.82939 
     0.633649   448.67268   141.92639 
     0.652903   440.48348   159.34987 
     0.660463   444.55922   174.45194 
     0.712605   310.40565     4.29506 
     0.734258   353.12594    85.44448 
     0.792225   244.30346    37.81794 
     0.806954   301.94624    64.21546 
     0.816298   255.81713     3.53972 
     0.870660   216.73529    27.35217 
     0.897116   194.05714    41.27049 
     0.950274   185.32313    28.68784 
     0.979149   176.98221    24.86118 
     0.985936   176.98221    22.33530 
     1.061326   120.20696    64.22173 
     1.108789   122.44178    46.16682 
     1.224190    99.98380    40.77895 
     1.345392   107.62908     1.48925 
     1.468415    96.36728    13.53698 
     1.471800   105.66463    31.83884 
     1.587994    99.06714    46.60108 
     1.782355    39.74585     5.40872 
     1.895705    42.22408     5.79992 
     1.997756    42.77077     5.87502 
     2.108421    32.62987     4.48206 
     2.239305    27.06897     3.71821 
     2.365243    31.63951     4.34602 
     2.478010    30.17297     4.14458 
     2.609081    21.65098     2.97399 
     2.762942    19.27412     2.64750 
     2.934145    15.91822     2.16620 
     3.104050    17.44213     2.39586 
     3.273431    14.08410     1.93460 
     3.464445    12.23119     1.68008 
     3.690853     9.00662     1.23715 
     3.996209     5.91326     0.81225 
     4.357060     5.30784     0.72909 
     4.787306     3.55418     0.48820 
     5.368347     2.35812     0.32391 
     6.033236     2.14712     0.29219 
     7.153556     0.74763     0.10270 
     9.018771     0.43437     0.05966 
    11.107082     0.37533     0.05156 
    13.359634     0.25442     0.03495 
    15.910161     0.20241     0.02780 
    18.465608     0.18334     0.02518 
    20.763797     0.19301     0.02651 
    22.921074     0.16654     0.02288 
    24.998929     0.17667     0.02404 
    26.763656     0.19904     0.02734 
    28.468161     0.16231     0.02230 
    30.072178     0.20289     0.02787 
    31.421511     0.20397     0.02802 
    33.043613     0.13240     0.01819 
    34.775962     0.15785     0.02168 
    36.220176     0.17228     0.02366 
    37.488451     0.18992     0.02609 
    38.769711     0.16090     0.02190 
    39.955103     0.21260     0.02920 
    40.978182     0.19546     0.02685 
    42.186251     0.14670     0.02015 
    43.448719     0.16709     0.02295 
    44.534048     0.18777     0.02579 
    45.557166     0.17847     0.02451 
    46.503427     0.21214     0.02914 
    47.367314     0.20405     0.02803 
    48.220625     0.21374     0.02909 
    49.101818     0.18502     0.02541 
    49.981962     0.20290     0.02787 
    50.844340     0.18579     0.02552 
    51.721654     0.18927     0.02600 
    52.524423     0.21589     0.02965 
    53.253882     0.22152     0.03043 
    53.925132     0.24930     0.03424 
    54.599215     0.21437     0.02945 
    55.329606     0.20988     0.02856 
    56.097634     0.18891     0.02595 
    56.921392     0.17403     0.02390 
    57.666148     0.22929     0.03149 
    58.345924     0.20035     0.02752 
    59.024816     0.22463     0.03086 
    59.720098     0.18724     0.02572 
    60.516636     0.16619     0.02283 
    61.272840     0.20435     0.02807 
    61.973321     0.18715     0.02571 
