#  rad density density_err 
     0.006454 18338.91328  1534.94739 
     0.007326 24175.39600 10612.22405 
     0.011294 13285.36825  2247.63009 
     0.012327 14433.56448   199.71599 
     0.014992 22458.13027 20919.44216 
     0.018317 15826.08875  7444.57591 
     0.022483 12116.39984  2576.81689 
     0.027469 11255.72818  3056.06544 
     0.029366 10749.13697  2759.37794 
     0.033485  9191.22921  1291.11749 
     0.035715  7644.93147   532.33382 
     0.041006  8079.29743  1134.92134 
     0.049986  7233.91825  1328.28809 
     0.058324  6072.58492   422.84778 
     0.061214  6782.24692  2145.39435 
     0.065894  5004.64869   348.48497 
     0.074619  5641.22727  1531.66098 
     0.081442  3368.01174  1478.44921 
     0.088889  4692.16847   997.89204 
     0.091379  3831.54206   266.79891 
     0.097241  3761.60853    52.04905 
     0.108855  2933.41560   666.73041 
     0.111647  2960.55816   543.61606 
     0.119908  3276.22407   274.21644 
     0.128780  2827.31109    78.36576 
     0.136097  2417.53960   443.90729 
     0.136411  2462.48502   381.19033 
     0.150955  2906.52188   746.12430 
     0.160638  2508.26603   316.54527 
     0.162873  1992.38653   394.72370 
     0.166667  2029.42776   256.11548 
     0.182326  2204.82232   341.30439 
     0.190480  1626.94772   369.78583 
     0.192685  1920.31996    79.96728 
     0.203633  1783.91270    49.44545 
     0.213722  1626.94772    45.09479 
     0.217194  1365.75751   350.59942 
     0.224310  1430.12368   180.48281 
     0.244821  1178.61943   302.55977 
     0.248799  1328.53682    55.32384 
     0.256359  1157.10720   212.46739 
     0.272175  1036.03302   250.68480 
     0.275962  1257.11091   105.21884 
     0.288303  1280.48235   253.68408 
     0.299122   953.61615   161.33360 
     0.303983  1167.81378   214.43332 
     0.307503  1316.35673   516.55882 
     0.319778  1135.98762   291.61589 
     0.326474   885.87735    74.14698 
     0.338726   962.43985   107.77596 
     0.352248   869.70826    48.36787 
     0.353060   800.52260    44.52019 
     0.369699   980.33294   354.64651 
     0.371406   936.21069   282.09881 
     0.380933   730.08529    30.40271 
     0.401651   757.48423   106.40591 
     0.408177   665.84570    18.45552 
     0.432363   635.87770    35.36364 
     0.435360   601.69111     8.32555 
     0.453784   800.52260   440.64027 
     0.464354   585.29336    65.54233 
     0.489608   533.79389    52.21311 
     0.495278   452.24482    57.07367 
     0.527046   495.87658    83.89283 
     0.554433   491.33036   140.70844 
     0.558276   372.71219    41.73706 
     0.571280   390.27757     5.40024 
     0.589996   216.45798   189.70923 
     0.620653   170.36234   205.04678 
     0.652903   285.34719    27.91127 
     0.677406   280.13901     7.76473 
     0.734258   246.24850     3.40732 
     0.816298   202.94278     5.62505 
     0.827654   243.99088    88.26646 
     0.897116   175.13526    17.13088 
     0.979149   143.01237     7.95348 
     1.011227   165.71949    67.58961 
     1.061326   116.78138     1.61589 
     1.224190    94.48733    14.62655 
     1.238365    94.48733    18.71946 
     1.468415    55.89508     0.77342 
     1.513034    50.04649     2.78328 
     1.713360    37.61609     1.04262 
     1.848625    28.27311     4.78327 
     1.958163    31.28770     6.65401 
     2.258649     9.80333    11.20576 
     2.448210    19.56021     8.58631 
     2.564399    10.16582     2.07509 
     2.689452    13.71115     2.79878 
     2.815864     9.08933     1.85535 
     2.940037    13.10948     2.67596 
     3.053128     9.84503     2.00961 
     3.179729     9.92140     1.98428 
     3.308630     8.76731     1.78962 
     3.433872     9.36304     1.91122 
     3.603444     4.81081     0.98200 
     3.807607     5.33652     1.08931 
     3.988892     5.48491     1.11960 
     4.199128     3.69946     0.75515 
     4.432244     3.91113     0.79836 
     4.683374     2.89305     0.59054 
     4.935733     3.61812     0.72362 
     5.175382     2.87750     0.58737 
     5.425777     2.88169     0.58822 
     5.697474     2.24152     0.45755 
     5.982692     2.35297     0.48030 
     6.256498     2.20988     0.45109 
     6.528999     2.17703     0.44438 
     6.798374     2.08083     0.42475 
     7.081228     1.90025     0.38005 
     7.406541     1.45302     0.29660 
     7.685006     2.46059     0.50227 
     7.930565     1.66591     0.34005 
     8.191951     1.99558     0.40735 
     8.433883     1.81010     0.36948 
     8.689826     1.67979     0.34289 
     8.953684     1.60355     0.32732 
     9.170457     2.48661     0.50758 
     9.365062     1.91637     0.38327 
     9.585903     1.81140     0.36975 
     9.816578     1.61210     0.32907 
    10.101946     1.14800     0.23434 
    10.376912     1.66891     0.34066 
    10.608546     1.48351     0.30282 
    10.846916     1.50470     0.30715 
    11.042871     2.19095     0.44723 
    11.207214     1.99536     0.40730 
    11.384406     1.90387     0.38077 
    11.555856     2.07465     0.42349 
    11.714640     2.06051     0.42060 
    11.891845     1.63742     0.33424 
    12.071035     1.95074     0.39819 
    12.259936     1.44516     0.29499 
    12.431194     2.42084     0.49415 
    12.580151     1.77574     0.36247 
    12.742175     2.04013     0.40803 
    12.903961     1.73599     0.35436 
    13.077762     1.64935     0.33667 
    13.239899     1.96007     0.40010 
    13.388159     1.91056     0.38999 
    13.514312     2.74481     0.56028 
    13.658600     1.50674     0.30756 
    13.869500     1.16599     0.23801 
    14.041969     2.50156     0.51063 
    14.143200     3.00178     0.60036 
    14.282650     1.44421     0.29480 
    14.439747     2.05036     0.41853 
    14.581563     1.69422     0.34583 
    14.724863     1.96546     0.40120 
    14.870807     1.60634     0.32789 
    15.053970     1.22920     0.25091 
    15.228116     1.76807     0.36091 
    15.374150     1.72306     0.34461 
    15.530095     1.52116     0.31051 
    15.670589     2.04321     0.41707 
    15.780285     2.41828     0.49363 
    15.899272     1.74243     0.35567 
    16.051080     1.43584     0.29309 
    16.221720     1.34137     0.27381 
    16.383035     1.58514     0.32357 
    16.502375     2.52706     0.51583 
    16.628023     1.49833     0.29967 
    16.790112     1.38318     0.28234 
    16.931699     1.90056     0.38795 
    17.058953     1.64875     0.33655 
    17.197520     1.57160     0.32080 
    17.341120     1.51002     0.30823 
    17.464013     2.18907     0.44684 
    17.574596     1.79249     0.36589 
    17.696122     1.77217     0.36174 
    17.811033     2.06804     0.41361 
    17.961216     1.10566     0.22569 
    18.115829     1.80392     0.36822 
    18.242128     1.54289     0.31494 
    18.362245     1.99022     0.40625 
    18.474930     1.71084     0.34922 
    18.604719     1.47992     0.30209 
    18.732479     1.74595     0.35639 
    18.855874     1.62318     0.32464 
    18.996377     1.33158     0.27181 
    19.135970     1.55725     0.31787 
    19.259307     1.67378     0.34166 
    19.379552     1.61563     0.32979 
    19.528704     1.10938     0.22645 
    19.690368     1.31949     0.26934 
    19.813758     1.93242     0.39445 
    19.927579     1.49889     0.30596 
    20.057129     1.51182     0.30236 
    20.189786     1.41085     0.28799 
    20.323799     1.40331     0.28645 
    20.443580     1.76880     0.36105 
    20.558131     1.50482     0.30717 
    20.677037     1.61561     0.32978 
    20.802037     1.35358     0.27630 
    20.946550     1.18899     0.24270 
    21.075495     1.80625     0.36125 
    21.180649     1.70475     0.34798 
    21.282735     1.82423     0.37237 
    21.374801     2.08404     0.42540 
    21.482043     1.38121     0.28194 
    21.611658     1.35439     0.27646 
    21.730293     1.64628     0.33605 
    21.864361     1.08266     0.22100 
    21.990763     1.89955     0.38774 
    22.107990     1.25844     0.25169 
    22.227052     1.80688     0.36883 
    22.312219     2.27576     0.46454 
    22.393771     1.94095     0.39619 
    22.497627     1.41685     0.28921 
    22.598523     2.06226     0.42096 
    22.685432     1.83305     0.37417 
    22.791752     1.38755     0.28323 
    22.897275     1.84816     0.37725 
