#  rad density density_err 
     0.041667   126.69884    54.28249 
     0.141667    98.48558    35.65928 
     0.241667    88.48561    25.80008 
     0.325000    87.71475    16.64167 
     0.433333    93.27658    15.11482 
     0.583333    77.60195    10.99883 
     0.750000    63.70487     8.92693 
     0.916667    60.04442     6.81265 
     1.125000    47.84897     4.88374 
     1.375000    38.44790     4.13874 
     1.666667    29.43558     3.48715 
     2.083333    20.17775     1.74818 
     2.583333    15.13117     1.21236 
     3.009212     9.09061     1.47469 
     3.190021    13.49055     2.18846 
     3.351510    10.15110     1.62548 
     3.530685     9.73794     1.57970 
     3.718587     8.13607     1.31985 
     3.930716     7.03829     1.12703 
     4.111609    10.70355     1.73635 
     4.270203     7.87864     1.27808 
     4.439054     8.62642     1.39939 
     4.626743     6.16975     0.98795 
     4.867085     4.72036     0.76574 
     5.132572     4.40123     0.71397 
     5.381808     4.99835     0.80038 
     5.596282     5.45246     0.88451 
     5.802205     4.87888     0.79146 
     6.039104     3.84949     0.62447 
     6.279141     4.49486     0.71975 
     6.528120     3.33207     0.54053 
     6.791418     3.58272     0.58119 
     7.047436     3.34283     0.53528 
     7.283554     3.97748     0.64523 
     7.485450     4.14273     0.67204 
     7.714659     3.05471     0.48914 
     7.963286     3.24748     0.52681 
     8.233446     2.39693     0.38883 
     8.542942     2.26514     0.36745 
     8.819162     2.93376     0.46978 
     9.146589     1.59348     0.25850 
     9.505715     2.09771     0.34029 
     9.835444     1.77194     0.28374 
    10.186242     1.71878     0.27882 
    10.580828     1.28814     0.20896 
    11.034234     1.18361     0.19201 
    11.499039     1.15702     0.18527 
    11.933022     1.26252     0.20481 
    12.400060     0.91568     0.14854 
    12.970590     0.78654     0.12595 
    13.555255     0.79543     0.12904 
    14.131085     0.72448     0.11753 
    14.749267     0.65184     0.10438 
    15.498088     0.45801     0.07430 
    16.561029     0.28668     0.04651 
    17.819167     0.27318     0.04432 
    19.103023     0.24517     0.03926 
    20.742199     0.14929     0.02422 
    22.990775     0.10340     0.01677 
    27.644683     0.03320     0.00532 
    50.667329     0.00304     0.00049 
   121.058301     0.00049     0.00008 
   201.227130     0.00051     0.00008 
