#  rad density density_err 
     0.005331  1109.56561   521.93853 
     0.007326  1119.83230   509.12388 
     0.008992  1119.83230   491.57049 
     0.011012  1109.56561   504.45621 
     0.012327  1227.87170   351.64103 
     0.013485  1216.61450   366.59003 
     0.014992  1262.27212   305.42698 
     0.016514  1172.60837   424.20432 
     0.018317  1130.19398   496.11894 
     0.020177  1227.87170   369.98205 
     0.022483  1273.95178   289.55406 
     0.024652  1309.64319   259.46131 
     0.027469  1239.23305   354.89472 
     0.030189  1346.33454   189.12335 
     0.033485  1346.33454   208.41130 
     0.036800  1489.88583    20.61542 
     0.041006  1489.88583    20.61542 
     0.044962  1679.39552   332.71517 
     0.049986  1589.10645   177.95135 
     0.054431  1297.63631   257.08255 
     0.054809  2037.75979  1055.89842 
     0.061214  1710.61781   388.80304 
     0.066965  1807.81085   571.85579 
     0.074619  1858.45902   700.73422 
     0.081442  1371.36477   153.56820 
     0.082007  2361.30991  1858.28403 
     0.091379  1893.01035   772.07478 
     0.100196  2255.03345  1579.08260 
     0.108855  1476.22647    20.42642 
     0.111647  1841.42057   666.15469 
     0.122419  2275.89902  1671.92497 
     0.136097  1545.79888   129.38171 
     0.136411  1841.42057   694.30985 
     0.149571  2427.46507  2127.49164 
     0.162873  1560.10198   174.70337 
     0.166667  1910.52616   868.60729 
     0.182746  2339.66129  1924.17261 
     0.190480  1531.62691   171.51468 
     0.203633  1774.81459   615.05220 
     0.217194  1449.28230    60.35201 
     0.223279  1946.04550  1008.37516 
     0.244821  1371.36477    38.01069 
     0.248799  1503.67157   168.38418 
     0.272175  1309.64319    72.83437 
     0.272803  1928.20404  1061.36211 
     0.299122  1216.61450   188.33077 
     0.303983  1710.61781   671.27299 
     0.326474  1194.40879   184.89334 
     0.333310  1928.20404  1187.90895 
     0.353060  1161.85783   196.56411 
     0.371406  1435.99520   263.67665 
     0.380933  1151.20585   161.71308 
     0.407238  1449.28230   350.67709 
     0.408177  1151.20585   112.60534 
     0.435360  1151.20585    80.16106 
     0.453784  1250.69954   104.68221 
     0.489608  1151.20585    15.92914 
     0.497564  1409.78534   488.55333 
     0.554433  1011.93587    84.69795 
     0.571280  1069.43154    29.64188 
     0.607923  1297.63631   529.24817 
     0.652903   966.39125    26.78587 
     0.677406   897.74499    37.38451 
     0.734258   873.27894    24.20504 
     0.744473   826.32899    22.90370 
     0.816298   760.59416    10.52428 
     0.827654   638.48837   163.90439 
     0.897116   706.56641    29.42332 
     0.909596   781.90320   177.71728 
     0.979149   632.63467    26.34461 
     1.011227   535.98544    75.29136 
     1.061326   511.86212    50.06785 
     1.111345   551.00176    61.70229 
     1.224190   417.97758    29.10472 
     1.238365   341.31312   123.47388 
     1.357840   399.16549    56.07188 
     1.468415   268.62906    64.99911 
     1.513034   244.99261    70.16161 
     1.659009   223.43592    28.19780 
     1.713360   194.60455    44.23129 
     1.958163   158.91064    11.06531 
     2.202159   122.78717     3.40334 
     2.448210   101.19359    14.21494 
     2.690598    84.94797    24.32762 
     2.936627    57.16800     4.78490 
     3.426484    43.76763    19.21259 
     4.157658    21.93578     8.94663 
     4.323285    10.82071     1.71090 
     4.460647    10.29432     1.62767 
     4.593478    11.18347     1.74656 
     4.724443     9.98853     1.57933 
     4.853800    10.59353     1.67498 
     4.966540    12.92297     2.01823 
     5.099357     7.61396     1.20387 
     5.262604     7.62915     1.19147 
     5.438393     6.19202     0.97904 
     5.627498     5.98048     0.94560 
     5.822504     5.57982     0.87142 
     6.018215     5.55080     0.87766 
     6.231072     4.34494     0.68700 
     6.468586     4.20525     0.65675 
     6.752758     2.87024     0.45383 
     7.106909     2.41723     0.37751 
     7.528114     1.82818     0.28906 
     7.977734     1.82744     0.28894 
     8.474240     1.38409     0.21616 
     9.000044     1.42821     0.22582 
     9.548944     1.10649     0.17495 
    10.147218     1.08257     0.16907 
    10.789408     0.85468     0.13514 
    11.482694     0.79634     0.12591 
    12.129162     0.90157     0.14080 
    12.735579     0.81135     0.12828 
    13.314626     0.90424     0.14122 
    13.886977     0.76061     0.12026 
    14.445546     0.85669     0.13545 
    14.930239     0.96065     0.15003 
    15.414683     0.80361     0.12706 
    15.864384     1.04103     0.16460 
    16.277451     0.90973     0.14208 
    16.770830     0.69511     0.10991 
    17.256243     0.89032     0.13904 
    17.664480     0.91997     0.14546 
    18.108638     0.70797     0.11194 
    18.631092     0.63873     0.09975 
    19.146366     0.68953     0.10902 
    19.701856     0.51390     0.08126 
    20.235992     0.73370     0.11458 
    20.746050     0.52852     0.08357 
    21.264277     0.67319     0.10513 
    21.749795     0.56814     0.08983 
    22.227812     0.64968     0.10272 
    22.659684     0.68094     0.10634 
    23.112642     0.57026     0.09017 
    23.567449     0.63321     0.10012 
    24.008096     0.59776     0.09335 
    24.412570     0.73612     0.11639 
    24.810289     0.59615     0.09310 
    25.180950     0.84233     0.13318 
    25.504957     0.71752     0.11345 
    25.881055     0.62358     0.09739 
    26.350222     0.45242     0.07153 
    26.817528     0.59259     0.09370 
    27.250386     0.51484     0.08040 
    27.649317     0.69196     0.10941 
    28.015313     0.58341     0.09111 
    28.399496     0.60729     0.09602 
    28.748716     0.67243     0.10632 
    29.036592     0.91193     0.14242 
    29.313965     0.70439     0.11137 
    29.618547     0.71444     0.11296 
    29.921962     0.71272     0.11131 
    30.224727     0.70315     0.11118 
    30.526821     0.70169     0.10958 
    30.823476     0.71547     0.11313 
    31.111177     0.71367     0.11284 
    31.396327     0.73293     0.11446 
    31.655672     0.85534     0.13524 
    31.952305     0.55631     0.08796 
    32.290312     0.63574     0.09929 
    32.576366     0.76866     0.12154 
    32.843265     0.69336     0.10963 
