#  rad density density_err 
     0.007326  7193.58069  2933.94180 
     0.007601  9224.54852  7751.42707 
     0.012046  9396.04568  7727.44919 
     0.012327  6381.82836  1079.68324 
     0.014992  6744.42795  1831.19322 
     0.016977  7327.31934  3216.45836 
     0.018317  6869.81623  2485.23361 
     0.022483  5609.77083   707.95778 
     0.026906  6323.31940  2677.12008 
     0.027343  5308.17362   745.65389 
     0.027469  5022.79114   349.74827 
     0.033485  4841.11188   680.04443 
     0.038006  3881.01320   379.62176 
     0.041006  4139.47362   288.24088 
     0.043336  3989.74482   221.88529 
     0.048624  3140.11186   622.10649 
     0.049986  3845.43185   540.17849 
     0.054935  2635.99826   913.49065 
     0.059272  2811.54552   435.22457 
     0.060096  3054.53510    42.26534 
     0.061214  3572.27694   917.02824 
     0.069960  2517.35880   353.62038 
     0.073426  2448.75378   274.21640 
     0.074619  2635.99826    73.06306 
     0.077064  2494.27951    69.13498 
     0.080695  2212.81507   310.84028 
     0.081442  2448.75378    33.88319 
     0.091379  2382.01844   334.60874 
     0.092013  2132.77538    59.11502 
     0.093940  2074.65133    57.50398 
     0.102058  1857.56970   155.47659 
     0.108855  1874.75759    78.06994 
     0.110369  1857.56970    77.35419 
     0.110879  1823.66524    25.23390 
     0.111647  2192.52785   693.55140 
     0.112940  1725.61982    71.85944 
     0.123552  1559.35544    86.72184 
     0.127894  1545.05918    21.37885 
     0.129077  1489.17288    82.81872 
     0.134230  1370.70854   153.49471 
     0.136097  1435.30805    39.78303 
     0.136411  1448.58879    40.15114 
     0.144827  1250.10105   157.76380 
     0.145161  1204.88367   221.24008 
     0.146841  1216.03232   170.81944 
     0.155901  1068.91979   258.64228 
     0.161752  1030.25592   234.16489 
     0.162873  1140.10571    63.40573 
     0.165519   992.99056   240.26999 
     0.166667   974.86644   250.25497 
     0.177357   897.31540   243.63191 
     0.178998   889.08876   241.39828 
     0.184013   880.93754   213.15696 
     0.187866   818.36137   246.58848 
     0.190480   957.07312    39.85510 
     0.195816   788.76044   214.15794 
     0.198540   774.36394   221.76432 
     0.202231   810.85859   137.18176 
     0.203633  1182.89207   519.25171 
     0.209338   760.23020   161.67955 
     0.212740   753.26037   149.23295 
     0.217194   825.93357    22.89274 
     0.220216   746.35444   104.84248 
     0.220724   774.36394    53.92071 
     0.230064   753.26037    31.36779 
     0.231126   753.26037    20.87843 
     0.238698   726.01421    10.04580 
     0.241462   746.35444    41.50768 
     0.244821   739.51182    51.49388 
     0.247086   719.35807    29.95600 
     0.248799   739.51182    72.33544 
     0.252260   706.22830    49.17627 
     0.257542   699.75356    68.44648 
     0.262935   638.18284    17.68878 
     0.263541   632.33194     8.74952 
     0.272175   650.04754    54.40828 
     0.274062   587.41512    32.66845 
     0.275962   644.08787    72.12626 
     0.281092   566.16774    31.48680 
     0.284347   550.73810    30.62870 
     0.294340   576.69358    40.15647 
     0.295018   550.73810    15.26504 
     0.297748   540.68599     7.48143 
     0.299122   576.69358    64.57931 
     0.303983   550.73810    46.09619 
     0.306090   555.83401    62.24342 
     0.314665   525.95080    44.02152 
     0.316846   525.95080    58.89703 
     0.326474   506.92665    56.76667 
     0.327227   466.60041    12.93296 
     0.331016   453.88426     6.28036 
     0.331779   449.72302    12.46516 
     0.337947   433.45610    18.05028 
     0.349019   417.77757    11.57971 
     0.353060   437.46682    30.46180 
     0.359624   410.15227     5.67524 
     0.365467   402.66615     5.57166 
     0.370552   391.69238     5.41981 
     0.371406   388.10132     5.37012 
     0.380933   398.97448    39.02574 
     0.382691   377.52448    15.72113 
     0.386232   367.23589     5.08141 
     0.391605   388.10132    54.51767 
     0.399805   384.54319    59.52692 
     0.402577   395.31666    89.85077 
     0.408177   363.86905    51.11370 
     0.413856   377.52448    80.28882 
     0.416724   353.95261    49.72071 
     0.424472   350.70755    59.33301 
     0.434359   299.87835     4.14939 
     0.435360   334.92311    51.84578 
     0.441417   338.02212    71.88778 
     0.445501   291.70584     8.08533 
     0.450660   270.98492    18.86929 
     0.453784   370.63388   162.69640 
     0.455878   291.70584    16.22290 
     0.467572   289.03146    32.36633 
     0.477363   281.15455    35.48194 
     0.485120   266.03889    18.52489 
     0.488482   278.57691    47.12988 
     0.489608   270.98492    34.19852 
     0.496419   266.03889    41.18257 
     0.498711   263.59983    37.02860 
     0.502168   236.01800     3.26576 
     0.510327   244.87538    20.49581 
     0.518619   209.38478    23.44733 
     0.521013   225.39544     6.24738 
     0.535610   179.03796    48.61096 
     0.551885   211.32220    11.75245 
     0.554433   215.25097    21.05480 
     0.571280   203.67847    17.04767 
     0.606525   184.05394    18.00326 
     0.652903   169.41237    28.66133 
     0.661986   187.47576    70.68796 
     0.677406   192.72814    96.78022 
     0.717544   140.91107    19.79417 
     0.734258   125.01010     5.20576 
     0.816298   103.97888     5.78267 
     0.827654   120.48837    39.92978 
     0.897116    96.59288    20.54258 
     0.979149    76.72645     9.68294 
     0.992770    83.35758    23.87216 
     1.011227    78.87604    21.41579 
     1.061326    50.22791    14.38440 
     1.158374    47.52752     4.64891 
     1.224190    34.74922    14.71187 
     1.238365    39.53167     6.68800 
     1.323880    40.63920     3.40146 
     1.468415    24.48754     8.85864 
     1.488842    29.71291     0.41113 
     1.513034    28.37560     1.18164 
     1.655193    19.45114     5.86101 
     1.713360    15.45059     9.00880 
     1.819067    17.90380     2.00490 
     1.848625    23.17102     8.02979 
     2.061724    18.51718     2.73021 
     2.292335    11.59491     1.72847 
     2.563679    10.22443     1.52417 
     2.824882    10.17483     1.51677 
     3.071830     9.52717     1.42023 
     3.288801    11.50876     1.71562 
     3.486911    10.14298     1.49550 
     3.703807     8.52626     1.27102 
     3.914216     9.43025     1.40578 
     4.111933     8.64801     1.28917 
     4.335046     6.74825     1.00597 
     4.552162     8.30628     1.23823 
     4.734449     8.82820     1.30165 
     4.906605     8.62932     1.28638 
     5.068332     9.15780     1.36516 
     5.220949     9.08883     1.35488 
     5.387958     7.26018     1.08228 
     5.553265     8.74211     1.30320 
     5.699908     8.62034     1.28504 
     5.847547     8.37369     1.23463 
     5.978122    10.73177     1.59980 
     6.113176     7.39278     1.10205 
     6.264405     7.94034     1.18368 
     6.392658     9.95658     1.48424 
     6.507117     9.45599     1.40962 
     6.632592     8.20346     1.20953 
     6.779686     6.61762     0.98650 
     6.916540     9.07723     1.35315 
     7.029750     9.06855     1.35186 
     7.151835     7.59651     1.13242 
     7.267131     9.97839     1.48749 
     7.366250     9.99160     1.47318 
     7.473447     8.33882     1.24308 
     7.582461     9.16105     1.36565 
     7.689182     8.44163     1.25840 
     7.793022     9.44133     1.40743 
     7.905265     7.12540     1.06219 
     8.015747     9.52375     1.41972 
     8.119562     7.92244     1.16810 
     8.217008    10.74981     1.60249 
     8.305167     9.05470     1.34980 
     8.407627     7.76649     1.15776 
     8.508118     9.22002     1.37444 
     8.616984     6.57382     0.97997 
     8.735058     7.63918     1.12633 
     8.838356     8.36400     1.24683 
     8.931096     9.05136     1.34930 
     9.020556     8.79011     1.31035 
     9.116817     7.68688     1.14589 
     9.235718     5.71857     0.85247 
     9.364743     6.38465     0.94136 
     9.469952     8.59688     1.28155 
     9.570209     6.64964     0.99127 
     9.683806     6.45065     0.96161 
     9.782858     8.77279     1.30777 
     9.874596     7.25107     1.08093 
     9.958141    10.96243     1.61632 
    10.031564     8.94879     1.33401 
    10.113642     8.39275     1.25112 
    10.192079     9.69280     1.44492 
    10.275494     7.38864     1.10143 
    10.358188     9.73089     1.45060 
    10.429956     9.47410     1.41231 
    10.515207     7.10284     1.04726 
    10.599392     9.60500     1.43183 
    10.691061     5.92889     0.88383 
    10.800664     6.24302     0.93065 
    10.899467     7.18996     1.07182 
    10.987813     7.64112     1.13907 
    11.070858     8.18585     1.20694 
    11.137376    12.30719     1.83465 
    11.203531     7.98474     1.19029 
    11.274411    10.29585     1.53481 
    11.343401     8.27689     1.23385 
    11.427963     6.75024     1.00627 
    11.512481     8.34620     1.23058 
    11.589576     7.92311     1.18111 
    11.670095     7.39010     1.10165 
    11.746603     8.71376     1.29897 
    11.829420     6.32883     0.94345 
    11.913766     8.23165     1.22710 
    11.989029     7.70843     1.14911 
    12.061932     8.88540     1.31008 
    12.138294     6.98968     1.04196 
    12.219982     7.42257     1.10649 
    12.293255     8.62001     1.28499 
    12.367837     7.09849     1.05818 
    12.443080     8.35273     1.24515 
    12.510835     8.78644     1.29549 
    12.574113     9.50017     1.41620 
    12.647898     6.46302     0.96345 
    12.728736     7.59727     1.13253 
    12.796070     9.23495     1.37666 
    12.865299     7.15066     1.06596 
    12.926285    12.83677     1.89268 
    12.984770     7.57151     1.12869 
    13.065768     6.14873     0.91660 
    13.151291     6.64943     0.99124 
    13.234646     6.38070     0.95118 
    13.310390     8.07004     1.20301 
    13.373956     8.85772     1.32043 
    13.431518     9.97109     1.47016 
    13.496660     7.01723     1.04607 
    13.560642    10.09032     1.50418 
    13.622701     7.32468     1.09190 
    13.695468     7.09002     1.05692 
    13.761871     8.81338     1.31382 
    13.824798     7.92696     1.16877 
    13.887796     8.71279     1.29883 
    13.951079     7.61929     1.13582 
    14.017253     7.86391     1.17228 
    14.083570     7.51592     1.12041 
    14.150909     7.55197     1.12578 
    14.215142     8.38148     1.23578 
    14.278800     7.61487     1.13516 
    14.348913     6.71261     1.00066 
    14.408354    11.16372     1.66419 
    14.459113     8.69116     1.29560 
    14.523700     6.83167     1.01841 
    14.582359    11.12314     1.64002 
    14.642083     6.58221     0.98122 
    14.709518     8.03991     1.19852 
    14.771171     7.72748     1.15194 
    14.833986     7.67763     1.14451 
    14.894095     8.38711     1.25028 
    14.957097     6.97292     1.03946 
    15.023509     7.59602     1.11997 
    15.095154     5.99538     0.89374 
    15.174478     5.93598     0.88488 
    15.243637     7.98949     1.19100 
    15.300071     8.65854     1.29074 
    15.357985     7.54994     1.12548 
    15.418421     8.03367     1.18450 
    15.478110     7.67701     1.14442 
    15.541710     6.88545     1.02642 
    15.605279     7.62233     1.13627 
    15.665680     7.54515     1.12476 
    15.725836     7.62617     1.13684 
    15.789838     6.79003     1.00114 
    15.855882     7.07956     1.05536 
    15.913169     8.86434     1.32142 
    15.965107     8.44796     1.25935 
    16.021339     7.53047     1.12258 
    16.079237     7.89261     1.17656 
    16.134106     8.32784     1.24144 
    16.190310     7.65084     1.12805 
    16.248920     7.58422     1.13059 
    16.310752     6.69878     0.99860 
    16.370922     7.98442     1.19025 
    16.426187     7.82254     1.16612 
    16.483443     7.39263     1.10203 
    16.535027     9.97369     1.47054 
    16.583965     8.07459     1.20369 
    16.645275     6.22365     0.92777 
    16.705887     8.23016     1.22688 
    16.761560     7.21077     1.07492 
    16.819726     7.46043     1.11214 
    16.875453     7.97819     1.17632 
    16.929108     7.99230     1.19142 
    16.982200     7.91991     1.18063 
    17.030639     9.63863     1.43684 
    17.075996     8.90803     1.32793 
    17.128478     7.22406     1.07690 
    17.184237     7.94287     1.17111 
    17.238727     7.50701     1.11908 
    17.296290     6.92641     1.03253 
    17.357163     6.65898     0.99266 
    17.412462     8.45752     1.26077 
    17.464278     7.45638     1.11153 
    17.518328     7.69904     1.14770 
    17.573653     7.23901     1.06733 
    17.625610     8.76406     1.30647 
    17.685281     5.54915     0.82722 
    17.753164     6.42511     0.95780 
    17.819459     5.75796     0.85835 
    17.884541     6.63424     0.98897 
    17.949138     5.92587     0.87372 
    18.016571     6.01974     0.89737 
    18.078928     6.75132     1.00643 
    18.136522     6.98785     1.04169 
    18.188911     8.15812     1.21614 
    18.232325    10.18650     1.51851 
    18.280721     6.87757     1.01404 
    18.327974    10.77233     1.60584 
    18.369959     8.17441     1.21857 
    18.422318     6.81762     1.01631 
    18.476580     7.52647     1.12198 
    18.526084     8.13757     1.21308 
    18.578625     6.69545     0.99810 
    18.642669     5.56938     0.82116 
    18.702178     7.89503     1.17692 
    18.756087     6.43771     0.95968 
    18.808163     8.49288     1.26604 
    18.851702     8.99363     1.34069 
    18.896678     7.94393     1.18421 
    18.942637     8.74281     1.28906 
    18.985381     9.13825     1.36225 
    19.026360     9.25358     1.37944 
    19.073476     7.01171     1.04524 
    19.124035     7.87350     1.17371 
    19.167582     9.45238     1.40908 
    19.214699     6.96507     1.02694 
    19.269216     6.84098     1.01979 
    19.325324     6.40249     0.95443 
    19.382315     6.58692     0.98192 
    19.433875     7.83726     1.16831 
    19.482436     7.33762     1.09383 
    19.530080     8.11541     1.20977 
