#  rad density density_err 
     0.005331  1251.19559   302.74684 
     0.008992  1359.33095   152.22063 
     0.011012  1298.15098   219.62231 
     0.013485  1262.77276   287.01320 
     0.016514  1310.16262   202.81193 
     0.020177  1310.16262   221.65445 
     0.024652  1346.86853   150.82506 
     0.030189  1397.41437    77.71567 
     0.036800  1436.56475    39.81786 
     0.044962  1490.47675   103.78526 
     0.054809  1518.18678   148.50162 
     0.066965  1490.47675   145.79116 
     0.082007  1423.39425    99.11415 
     0.100196  1371.90869    76.29720 
     0.122419  1410.34449   218.31998 
     0.149571  1476.81198   489.41473 
     0.176949  1274.45706   271.04111 
     0.182746  1322.28541   378.67947 
     0.190480  1194.88251   202.15126 
     0.204103  1120.27645   141.37983 
     0.217194  1040.69916    72.46623 
     0.223279  1040.69916   101.79611 
     0.244821   914.79800    12.65798 
     0.272803   819.07790    45.55212 
     0.285660   760.89583    85.20665 
     0.326474   662.71257    83.63488 
     0.333310   662.71257    64.82331 
     0.367154   598.85986    50.12393 
     0.407238   644.65181   137.09928 
     0.408177   551.22030    15.27840 
     0.448589   480.09281    26.69984 
     0.489608   418.14336    34.99815 
     0.497564   406.74779    34.04435 
     0.530700   367.55743    35.95267 
     0.607923   329.09797    18.30242 
     0.612137   297.38921    24.89116 
     0.734258   245.08978    27.44565 
     0.744473   245.08978    37.93966 
     0.856739   192.89688    35.41962 
     0.909596   164.93970    23.16954 
     0.979149   121.70970    10.18697 
     1.101156    92.32625    11.65165 
     1.111345    92.32625     9.03090 
     1.224190    70.03662    12.86009 
     1.345392    51.20651    16.19790 
     1.357840    52.15851    13.38945 
     1.468415    58.79294    13.36294 
     1.659009    41.05114     5.76657 
     1.713360    36.08488     2.51267 
     2.020475    18.62610     2.94505 
     2.180987    19.22118     3.03914 
     2.345922    15.24490     2.41043 
     2.544228    11.44635     1.80983 
     2.791388     8.27179     1.30788 
     3.045822     8.96465     1.41744 
     3.278403     8.36979     1.32338 
     3.531557     6.57185     1.03910 
     3.790357     7.07593     1.10507 
     4.058409     5.35730     0.84706 
     4.366453     4.50991     0.71308 
     4.660997     5.13851     0.81247 
     4.899670     6.14214     0.97116 
     5.142894     4.50283     0.71196 
     5.400166     4.91952     0.77784 
     5.625485     5.36326     0.84801 
     5.844297     4.80677     0.76002 
     6.052777     5.52573     0.87369 
     6.230110     6.21848     0.98323 
     6.401290     5.58607     0.88323 
     6.593063     4.81592     0.75212 
     6.819825     3.76390     0.59512 
     7.017321     6.17218     0.97591 
     7.179168     5.01820     0.79345 
     7.358061     4.77805     0.75548 
     7.533084     5.00152     0.79081 
     7.719422     4.04847     0.64012 
     7.901654     5.01175     0.79243 
     8.063662     4.83584     0.76461 
     8.224643     4.87731     0.77117 
     8.353786     7.65244     1.20996 
     8.470349     5.62818     0.88989 
     8.612621     5.01740     0.78359 
     8.749445     5.93272     0.93805 
     8.894112     4.29406     0.67895 
     9.037710     5.84546     0.92425 
     9.166197     5.08923     0.80468 
     9.300648     5.16862     0.81723 
     9.413899     7.18883     1.13665 
     9.516748     5.99265     0.94752 
     9.652799     4.10981     0.64982 
     9.803848     4.58511     0.72497 
     9.934115     5.38926     0.85212 
    10.067629     4.26919     0.67502 
    10.209363     4.72226     0.73749 
    10.341226     4.79537     0.75821 
    10.457475     5.84673     0.92445 
    10.555548     6.55384     1.03625 
    10.656771     5.41001     0.85540 
    10.757633     6.48168     1.02484 
    10.857697     5.38767     0.85187 
    10.970211     4.99417     0.78965 
    11.082190     5.33087     0.84288 
    11.189207     5.35373     0.84650 
    11.319644     3.63775     0.57518 
    11.450000     5.23983     0.82849 
    11.550252     5.83915     0.92325 
    11.645468     5.83445     0.91119 
    11.754636     4.42846     0.70020 
    11.860374     6.01892     0.95167 
    11.969598     4.11440     0.65054 
    12.086618     5.02729     0.79488 
    12.179749     6.41412     1.01416 
    12.269019     5.34653     0.84536 
    12.366408     5.26770     0.83290 
    12.463214     5.32726     0.84231 
    12.536846     9.88299     1.56264 
    12.606029     5.80584     0.91798 
    12.694269     5.60354     0.88600 
    12.800077     4.17456     0.65196 
    12.901785     6.06942     0.95966 
    12.994866     4.67184     0.73868 
    13.082775     6.85798     1.08434 
    13.159548     5.85745     0.92614 
    13.240668     6.03642     0.95444 
    13.313657     7.20927     1.13989 
    13.390240     5.47498     0.86567 
    13.477038     5.44475     0.86089 
    13.570072     4.72387     0.74691 
    13.673152     4.35756     0.68899 
    13.768374     5.53116     0.87455 
    13.850037     5.90918     0.92286 
    13.939083     4.64323     0.73416 
    14.029248     5.53603     0.87532 
    14.127003     3.96900     0.62755 
    14.227144     5.15850     0.81563 
    14.315504     4.94256     0.78149 
    14.407762     4.67371     0.73898 
    14.511756     3.86696     0.61142 
    14.617782     4.41669     0.69834 
    14.702832     6.05621     0.95757 
    14.789051     4.26447     0.67427 
    14.873042     6.38492     1.00954 
    14.956249     4.39038     0.68566 
    15.048801     4.93458     0.78023 
    15.131428     5.29061     0.83652 
    15.197982     7.81713     1.23600 
    15.255694     6.74812     1.06697 
    15.320421     6.14581     0.97174 
    15.401447     4.37684     0.69204 
    15.493815     4.55049     0.71950 
    15.572140     6.16119     0.97417 
    15.632161     7.58535     1.19935 
    15.697232     5.30473     0.83875 
    15.776106     4.96377     0.78484 
    15.851337     5.80662     0.91811 
    15.938739     3.87555     0.60526 
    16.021497     6.63595     1.04924 
    16.092457     4.82190     0.76241 
    16.178052     4.41417     0.69794 
    16.255850     5.89352     0.93185 
    16.316999     6.98620     1.10461 
    16.392429     4.08742     0.64628 
    16.480882     4.71701     0.74583 
    16.563885     4.56912     0.72244 
    16.639322     5.73128     0.90620 
    16.709601     5.16234     0.81624 
    16.773914     6.92269     1.09457 
    16.846607     4.27707     0.66797 
    16.927926     5.21781     0.82501 
    16.995773     5.88780     0.93094 
    17.059337     5.87604     0.92908 
    17.125330     5.42872     0.85836 
    17.195827     5.10512     0.80719 
    17.260147     6.57223     1.03916 
    17.318663     6.03500     0.95422 
    17.388371     4.66353     0.73737 
    17.460607     5.52716     0.87392 
    17.526123     5.58256     0.88268 
    17.587247     6.33045     1.00093 
    17.653532     4.90299     0.76572 
    17.723256     5.60737     0.88660 
    17.793970     4.62424     0.73116 
    17.873196     4.39288     0.69458 
    17.959313     3.88890     0.61489 
    18.034573     5.94585     0.94012 
    18.103242     4.51034     0.71315 
    18.182775     4.31728     0.68262 
    18.263270     4.36309     0.68986 
    18.341406     4.54436     0.71853 
    18.413115     5.15729     0.81544 
    18.481375     4.95781     0.78390 
    18.552013     4.89898     0.76509 
    18.621616     5.07162     0.80189 
    18.693734     4.43266     0.70087 
    18.772065     4.24802     0.67167 
    18.840802     5.86198     0.92686 
    18.905107     4.74496     0.75024 
    18.979447     4.31638     0.68248 
    19.050502     5.18903     0.82046 
    19.117722     4.75448     0.75175 
    19.190403     4.40419     0.69636 
    19.262760     4.76278     0.75306 
    19.327566     5.46951     0.86481 
    19.390370     5.14673     0.80378 
    19.465955     3.81245     0.60280 
    19.540560     5.13640     0.81214 
    19.607483     4.61086     0.72904 
    19.677365     4.66531     0.73765 
    19.751272     4.10775     0.64949 
    19.823914     4.80622     0.75993 
    19.884369     5.91864     0.93582 
    19.943204     5.02104     0.79390 
    20.012056     4.29142     0.67853 
    20.078315     5.43022     0.85859 
    20.141357     4.66917     0.73826 
    20.210420     4.47232     0.70714 
    20.272122     6.07668     0.94902 
    20.334915     4.31132     0.68168 
    20.396103     6.27271     0.99180 
    20.455744     4.47642     0.70778 
    20.517680     5.70911     0.90269 
    20.581233     4.25141     0.67221 
    20.643971     5.84954     0.92489 
    20.696388     5.90235     0.93324 
    20.755626     4.62197     0.73080 
    20.814267     6.00657     0.94972 
    20.871312     4.82857     0.76346 
    20.930482     5.51326     0.87172 
    20.992689     4.48889     0.70105 
    21.053398     5.79590     0.91641 
    21.122058     3.53977     0.55969 
    21.198359     4.45209     0.70394 
    21.260546     5.26077     0.83180 
    21.316112     5.50879     0.87102 
    21.372084     5.15984     0.81584 
    21.426433     5.82942     0.92171 
    21.475060     6.40502     1.01272 
    21.531735     4.40846     0.69704 
    21.597946     4.51019     0.71312 
    21.659885     5.02210     0.79406 
    21.717068     5.38092     0.84036 
    21.783680     3.77659     0.59713 
    21.859994     3.87036     0.61196 
    21.934364     3.94914     0.62441 
    22.008192     3.90049     0.61672 
    22.063434     7.94345     1.25597 
    22.112519     4.65513     0.73604 
    22.173431     4.78697     0.75689 
    22.226097     6.31520     0.99852 
    22.282710     4.20950     0.66558 
    22.337492     6.83588     1.08085 
    22.379532     6.71081     1.06107 
    22.422925     6.55476     1.02368 
    22.470562     5.56870     0.88049 
    22.526569     4.62239     0.73086 
    22.591603     4.08818     0.64640 
    22.663612     3.74096     0.59150 
    22.743103     3.33652     0.52755 
    22.809561     5.69366     0.90025 
    22.868270     4.07005     0.64353 
    22.929804     5.07844     0.80297 
    22.982458     5.47020     0.86491 
    23.040739     4.19132     0.66271 
    23.107455     4.08087     0.64524 
    23.162770     6.37424     1.00786 
