#  rad density density_err 
     0.065441  7945.89159  3737.73925 
     0.108855  6083.34764   338.31871 
     0.134539  6196.44552   518.63585 
     0.136097  5809.55190   161.02577 
     0.142840  6027.57518   335.21699 
     0.162873  5809.55190   161.02577 
     0.190480  5599.41473   233.17467 
     0.217194  5548.07899   153.77842 
     0.223794  6488.47500  1379.91583 
     0.244821  6027.57518   760.68504 
     0.259925  5756.28960   400.82343 
     0.272175  5106.72693   571.86160 
     0.299122  4876.88636   754.93736 
     0.326474  4832.17479   678.78901 
     0.353060  4876.88636   408.19016 
     0.380933  4967.55444   137.68778 
     0.408177  4967.55444    68.73562 
     0.413856  5013.51866   208.77638 
     0.435360  4967.55444   276.26510 
     0.448589  5249.79851   888.16545 
     0.466497  4922.01163   411.96710 
     0.489608  4488.92796   124.42149 
     0.571280  3631.97320   719.55210 
     0.652903  3565.68222   198.30151 
     0.672742  2884.97886   999.77351 
     0.685250  2965.80529   849.35488 
     0.732569  3020.94373   424.36035 
     0.734258  2938.61462   539.58680 
     0.816298  2270.61047   996.72522 
     0.897116  2704.84657    37.42673 
     0.979149  2229.16716   218.04625 
     1.061326  2208.73003   122.83610 
     1.121628  1906.08663    79.37457 
     1.224190  1644.91187   114.53892 
     1.345392  1318.68977   185.24001 
     1.360971  1406.50939    19.46175 
     1.468415  1106.98729   187.28107 
     1.713360   895.65888    37.29764 
     1.794109   832.03699    11.51282 
     1.887334   685.71340    86.53761 
     1.958163   667.02580    27.77675 
     2.202159   554.80790    54.26860 
     2.237942   428.68929   103.72825 
     2.414620   424.75904    17.68811 
     2.448210   405.64174     5.61283 
     2.690598   346.85075    53.69217 
     2.936627   334.30482   162.55147 
     2.943396   220.87300    34.19093 
     3.426484   180.36100    38.35770 
     3.474151   130.65999    29.69746 
     3.952290    90.39463    15.29304 
     4.157658   102.83540    29.45026 
     4.303767    78.00863     2.16220 
     4.907369    61.96446    22.41634 
     5.068142    37.68275     9.11795 
     6.312897    14.06687     1.33517 
     6.533417    11.06811     1.05530 
     6.757299    12.59759     1.20113 
     6.986669     9.99119     0.94832 
     7.233409    10.06769     0.95992 
     7.465982    10.43374     0.99482 
     7.705615     9.00759     0.85496 
     7.966014     8.25357     0.78695 
     8.239861     7.54988     0.71985 
     8.539521     6.50754     0.61767 
     8.882016     5.36945     0.51196 
     9.249833     5.13556     0.48966 
     9.663286     3.95259     0.37686 
    10.163260     3.20952     0.30463 
    10.799644     2.21707     0.21139 
    11.545818     1.99208     0.18994 
    12.422629     1.43291     0.13601 
    13.778244     0.73926     0.07049 
    16.441450     0.29515     0.02814 
    21.944657     0.10881     0.01033 
    32.534130     0.03905     0.00372 
    45.399977     0.03227     0.00308 
    57.942544     0.02321     0.00220 
    69.324891     0.02622     0.00250 
    78.159781     0.02786     0.00266 
    86.423333     0.02408     0.00229 
    94.759693     0.02257     0.00215 
   101.579269     0.03160     0.00301 
   107.232033     0.02790     0.00266 
