#  rad density density_err 
     0.016667  8977.08922  3900.14847 
     0.045833  7254.96867  2428.71796 
     0.070833  6853.86493  1611.59144 
     0.100000  7081.66765  1478.24607 
     0.133333  6246.48270  1431.71218 
     0.166667  5505.99156  1009.15794 
     0.200000  5137.30726   763.27260 
     0.241667  4348.96128   929.30676 
     0.300000  3419.91681   984.04064 
     0.458333  1668.53585   202.15507 
     0.583333  1240.61075   143.52016 
     0.750000   857.30536   117.94144 
     0.916667   519.91882    88.05957 
     1.083333   401.17655    63.15567 
     1.250000   289.22481    66.48249 
     1.416667   226.06615    56.15533 
     2.125000    92.73326    20.82340 
     2.541667    59.05213     9.66955 
     3.041667    36.49518     7.57604 
     3.833333    18.76012     5.11986 
     5.166667     7.52031     1.54134 
     6.125008     7.98459     1.05759 
     6.393587     4.03482     0.53443 
     6.705108     5.07302     0.66612 
     7.040151     3.23189     0.42807 
     7.444516     2.97203     0.39366 
     7.952917     1.91288     0.25117 
     8.600998     1.52999     0.20265 
     9.381091     1.11050     0.14709 
    10.564514     0.58406     0.07669 
    12.570447     0.28686     0.03800 
    16.107884     0.12353     0.01636 
    23.691156     0.03673     0.00482 
    34.277544     0.02505     0.00332 
    43.658669     0.02535     0.00336 
    52.205899     0.01987     0.00261 
    60.767417     0.01815     0.00240 
    69.723801     0.01343     0.00178 
    77.563108     0.01986     0.00261 
    83.981548     0.01578     0.00209 
    90.057992     0.01898     0.00251 
