#  rad density density_err 
     0.005331   668.35625   103.46091 
     0.007326   516.42590   124.95753 
     0.008992   796.17404   349.49489 
     0.011012   650.14169    72.80418 
     0.012327   511.69128   131.35470 
     0.013485   841.41067   449.53178 
     0.014992   571.48918    47.83303 
     0.016514   803.54095   377.98484 
     0.018317   674.54048   114.11934 
     0.020177   781.64223   318.79712 
     0.022483   571.48918    47.83303 
     0.024652   833.69657   445.41044 
     0.027469   712.86619   193.55173 
     0.030189   881.06513   557.45932 
     0.033485   680.78192   134.87381 
     0.036800   922.58845   661.84949 
     0.041006   732.83806   231.81501 
     0.044962   841.41067   476.83667 
     0.049986   760.34031   298.36934 
     0.054809   726.11936   229.68972 
     0.061214   746.46253   281.45460 
     0.074619   699.85491   200.42623 
     0.091379   582.11396    24.24079 
     0.111647   470.98602   120.90537 
     0.122419   258.82607   354.98180 
     0.136411   399.03227   187.70437 
     0.149571   410.21167   154.67081 
     0.166667   384.59888   168.82658 
     0.182746   363.92175   165.45447 
     0.203633   350.75835   159.46982 
     0.223279   254.10196   246.17356 
     0.248799   283.79714   179.56148 
     0.272803   268.53940   165.43911 
     0.303983   247.17698   152.27836 
     0.333310   189.23785   183.33332 
     0.371406   249.46408    67.73249 
     0.407238   225.42808    61.20643 
     0.453784   227.51394    15.84231 
     0.554433   215.28215    55.26442 
     0.677406   180.72075    79.33062 
     0.744473   135.83385    26.91086 
     0.827654   132.13200    53.89077 
     0.909596    91.41301     2.53373 
     1.011227    81.84799     6.85059 
     1.111345    78.16422    15.48559 
     1.238365    79.61740    33.70783 
     1.513034    54.57679     7.66655 
     1.659009    40.64508     8.64406 
     1.848625    40.64508     3.97570 
     2.058736    38.57102     2.68087 
     2.458625    34.81443     2.41977 
     2.815706    35.53452     2.46982 
     3.186551    25.06868     1.74239 
     3.602583    21.89710     1.51829 
     4.043404    17.63617     1.22580 
     4.488361    17.15317     1.19223 
     4.936031    14.27909     0.99247 
     5.432176    11.55499     0.80313 
     5.925390    12.04597     0.83725 
     6.383772    11.33732     0.78800 
     6.830882    11.03880     0.76540 
     7.273989    10.12800     0.70394 
     7.711480     9.98667     0.69412 
     8.128702     9.96660     0.69273 
     8.510800    10.82653     0.75250 
     8.878484     9.82120     0.68262 
     9.259921     9.23981     0.64221 
     9.642267     9.04343     0.62705 
     9.984010    10.86005     0.75483 
    10.309068     9.22905     0.64146 
    10.623276    10.99146     0.76396 
    10.938351     8.65479     0.60155 
    11.267943     9.39579     0.65305 
    11.601249     7.98969     0.55532 
    11.936683     8.79196     0.60961 
    12.235938     9.51167     0.66111 
    12.527098     8.78837     0.61083 
    12.817910     9.10221     0.63265 
    13.113483     8.13648     0.56552 
    13.395948     9.60079     0.66730 
    13.651975     9.43047     0.65546 
    13.916786     8.69013     0.60255 
    14.189734     8.53055     0.59291 
    14.466892     8.07124     0.56099 
    14.746947     8.03716     0.55862 
    15.009546     8.87789     0.61706 
    15.254668     8.88728     0.61771 
    15.497066     8.79230     0.61111 
    15.740068     8.61204     0.59714 
    15.991407     7.97086     0.55401 
    16.244991     8.15434     0.56677 
    16.470669     9.87016     0.68602 
    16.684422     8.78185     0.61038 
    16.912185     8.44472     0.58695 
    17.129386     9.48642     0.65777 
    17.349988     7.99576     0.55574 
    17.573772     8.92340     0.62022 
    17.794831     7.97895     0.55458 
    18.025899     7.94278     0.55206 
    18.244916     8.68419     0.60359 
    18.459692     8.05292     0.55972 
    18.667481     9.14314     0.63396 
    18.866683     8.54105     0.59364 
    19.070380     8.51240     0.59165 
    19.270749     8.64328     0.60075 
    19.464895     8.88488     0.61754 
    19.654812     8.85285     0.61532 
    19.838322     9.34634     0.64962 
    20.017046     9.19977     0.63789 
    20.202472     8.53406     0.59316 
    20.381329     9.70098     0.67426 
    20.545538     9.91091     0.68886 
    20.712970     9.19021     0.63876 
    20.884324     9.29919     0.64634 
    21.049654     9.71992     0.67558 
    21.218543     8.82658     0.61201 
    21.391884     9.06322     0.62994 
    21.552996    10.03669     0.69760 
    21.709801     9.40728     0.65385 
    21.883388     8.10012     0.56300 
    22.058841     9.04892     0.62894 
    22.223521     9.02214     0.62708 
    22.377122    10.35334     0.71787 
    22.533767     8.57988     0.59634 
    22.707724     8.17316     0.56807 
    22.877159     8.92477     0.62031 
    23.038287     8.88781     0.61775 
    23.199200     8.82424     0.61333 
    23.358485     8.94714     0.62187 
    23.506480    10.17912     0.70579 
    23.658583     8.39608     0.58357 
    23.815758     9.31555     0.64748 
    23.965253     9.13469     0.63490 
    24.115665     9.08745     0.63162 
    24.265979     9.03319     0.62785 
    24.415435     9.12339     0.63259 
    24.566540     8.73119     0.60686 
    24.715344     9.25587     0.64333 
    24.860831     9.01727     0.62674 
    24.997059    10.50212     0.72995 
    25.133033     8.95039     0.62210 
    25.275703     9.38497     0.65230 
    25.412200     9.71366     0.67352 
    25.542327    10.22485     0.71068 
    25.675415     9.16334     0.63690 
    25.823294     8.19241     0.56941 
    25.977333     8.32437     0.57858 
    26.118780     9.66242     0.67158 
    26.249980     9.51822     0.66156 
    26.379576     9.85531     0.68334 
    26.505658     9.95706     0.69206 
    26.634381     9.32721     0.64829 
    26.764201     9.69062     0.67354 
    26.895029     9.09850     0.63239 
    27.036495     8.21677     0.57110 
    27.180877     8.62897     0.59975 
    27.318410     9.00280     0.62423 
    27.449028     9.47801     0.65877 
    27.583416     8.40259     0.58402 
    27.715634     9.72007     0.67559 
    27.844383     8.75101     0.60824 
    27.972778     9.68660     0.67327 
    28.089239    10.53468     0.73221 
    28.202894    10.12089     0.70176 
    28.320818     9.70448     0.67451 
    28.448068     8.60189     0.59787 
    28.575745     9.55000     0.66377 
    28.704520     8.38824     0.58302 
    28.839162     8.62440     0.59944 
    28.959669    10.47963     0.72838 
    29.068659    10.40738     0.72162 
    29.185966     9.01680     0.62671 
    29.302030    10.51350     0.73074 
    29.420797     8.57476     0.59599 
    29.543475     9.71666     0.67535 
    29.658578     9.62237     0.66880 
    29.776775     9.14733     0.63578 
    29.890580    10.38390     0.71999 
    29.995699    10.60357     0.73700 
    30.103766     9.72333     0.67582 
    30.219354     9.19043     0.63878 
    30.328885    10.81506     0.75170 
    30.437614     9.24970     0.64290 
    30.561781     8.24873     0.57195 
    30.688165     8.83921     0.61437 
    30.807844     9.06972     0.63039 
    30.928508     8.63060     0.59987 
    31.048161     9.15645     0.63642 
    31.161549     9.53390     0.66265 
    31.275486     9.00472     0.62587 
    31.389018     9.58052     0.66429 
    31.507572     8.23162     0.57214 
    31.625483     9.57483     0.66550 
    31.737479     9.01138     0.62633 
    31.858692     8.12768     0.56491 
    31.980695     8.82171     0.61315 
    32.094375     9.28249     0.64518 
    32.205909     9.13832     0.63363 
    32.323842     8.26047     0.57414 
    32.443799     8.71417     0.60568 
    32.558862     8.90744     0.61911 
    32.673061     8.78318     0.61047 
    32.787256     8.84611     0.61485 
    32.901954     8.64636     0.60096 
    33.014538     9.16885     0.63575 
    33.122937     9.25788     0.64347 
    33.242168     7.56384     0.52572 
    33.363783     8.80062     0.61169 
    33.486982     7.33118     0.50955 
    33.615505     7.97767     0.55449 
    33.742366     7.46051     0.51854 
    33.866853     8.27658     0.57388 
    33.985349     8.15365     0.56672 
    34.103229     8.26606     0.57453 
    34.216255     8.81846     0.61293 
    34.324016     9.02633     0.62737 
    34.432359     8.67068     0.60265 
    34.539110     9.24697     0.64271 
    34.650018     8.05128     0.55826 
    34.765453     8.44546     0.58700 
    34.878949     8.22887     0.57195 
    34.988856     8.96510     0.62312 
    35.092794     9.12809     0.63445 
    35.195801     9.07317     0.63063 
    35.305148     8.11636     0.56277 
    35.416664     8.65272     0.60141 
    35.524719     8.53901     0.59350 
    35.641367     7.41318     0.51525 
    35.753830     9.19285     0.63895 
    35.859832     8.21972     0.57131 
    35.970351     8.38214     0.58260 
    36.075841     9.02164     0.62554 
    36.180485     8.46469     0.58834 
    36.282539     9.40615     0.65377 
    36.385940     8.21116     0.57072 
    36.491638     8.92751     0.62050 
    36.598859     7.94396     0.55214 
    36.711175     8.06178     0.56033 
    36.819430     8.54702     0.59263 
    36.923075     8.73950     0.60744 
    37.029297     8.06270     0.56040 
    37.132699     9.19830     0.63933 
    37.230691     8.89075     0.61795 
    37.331328     8.67377     0.60287 
    37.444233     7.09171     0.49291 
    37.560503     8.12504     0.56337 
    37.663910     8.89493     0.61824 
    37.766422     8.17668     0.56832 
    37.872892     8.18684     0.56902 
    37.977030     8.50304     0.59100 
    38.072002     9.84204     0.68407 
    38.165737     8.67146     0.60271 
    38.267601     8.30345     0.57574 
    38.368274     8.83712     0.61422 
    38.472762     7.65861     0.53231 
    38.574351     9.34776     0.64971 
    38.670274     8.47877     0.58932 
    38.775580     7.71468     0.53621 
    38.882077     8.23742     0.57254 
    38.980965     8.94738     0.62039 
    39.070859     9.93506     0.69053 
    39.157373     9.54380     0.66334 
    39.248133     8.99075     0.62490 
    39.341000     9.06581     0.63012 
    39.433443     9.03067     0.62768 
    39.532556     7.88334     0.54793 
