#  rad density density_err 
     0.075657   137.65638    54.01850 
     0.104918   486.17916  1020.89777 
     0.146167   116.62626    75.74261 
     0.202698   333.27009   394.34902 
     0.281740   122.12268    63.27986 
     0.377441   148.18230    20.81558 
     0.391605   137.65638    33.30817 
     0.544313   178.15431    48.37104 
     0.756569   206.44118   148.09744 
     0.790403   162.47866    53.84535 
     0.843041   121.00306    10.12783 
     1.051596    65.88648    62.59749 
     1.360971    97.00550     1.34226 
     1.769493    78.48675     2.17545 
     1.887334    72.24309     5.03045 
     2.414620    61.77267     4.30137 
     2.850026    46.85936     1.29882 
     2.943396    45.58231     1.26342 
     3.474151    34.57772     1.43991 
     3.952290    25.04934     1.04312 
     4.007271    24.59214     0.68163 
     4.547172    13.59807     1.22114 
     4.898342    10.51484     0.94426 
     5.243049    12.39012     1.10821 
     5.615855     7.99835     0.71827 
     6.087941     6.47342     0.57900 
     6.595490     5.86378     0.52658 
     7.112516     5.34037     0.47766 
     7.682351     4.17093     0.37456 
     8.236217     4.87195     0.43751 
     8.827427     3.26342     0.29189 
     9.498953     3.18430     0.28596 
    10.210806     2.52625     0.22595 
    10.992633     2.26564     0.20346 
    11.845890     1.82254     0.16367 
    12.738220     1.79401     0.16046 
    13.603932     1.68515     0.15133 
    14.472037     1.57045     0.14047 
    15.341965     1.48795     0.13362 
    16.232754     1.33641     0.11953 
    17.105577     1.39241     0.12504 
    17.935278     1.32443     0.11894 
    18.745093     1.34545     0.12034 
    19.449268     1.63784     0.14708 
    20.051011     1.69911     0.15197 
    20.653309     1.53959     0.13826 
    21.293929     1.41431     0.12650 
    21.952816     1.36792     0.12284 
    22.553867     1.60581     0.14421 
    23.163165     1.27490     0.11403 
    23.800972     1.37753     0.12371 
    24.354025     1.62023     0.14492 
    24.906000     1.32115     0.11864 
    25.525887     1.20804     0.10848 
    26.125883     1.35981     0.12163 
    26.668393     1.40949     0.12658 
    27.229866     1.22192     0.10929 
    27.834964     1.15798     0.10399 
    28.402524     1.33969     0.11983 
    28.919954     1.33278     0.11969 
    29.472674     1.12839     0.10133 
    30.000890     1.43220     0.12810 
    30.439860     1.56253     0.14032 
    30.902897     1.25946     0.11265 
    31.383732     1.39579     0.12535 
    31.819005     1.48857     0.13314 
    32.279991     1.21801     0.10938 
    32.754419     1.34820     0.12107 
    33.206509     1.31019     0.11719 
    33.670326     1.24613     0.11191 
    34.140711     1.23875     0.11080 
    34.599895     1.27329     0.11435 
    35.080767     1.09494     0.09833 
    35.561440     1.24997     0.11180 
    35.977475     1.42661     0.12811 
    36.354745     1.47886     0.13227 
    36.741443     1.33165     0.11959 
    37.105561     1.65036     0.14761 
    37.480510     1.23886     0.11125 
    37.889878     1.32295     0.11880 
    38.259341     1.50626     0.13472 
    38.602188     1.50157     0.13484 
    38.949995     1.43821     0.12864 
    39.288267     1.56289     0.14035 
    39.655140     1.21666     0.10882 
    40.066847     1.19823     0.10760 
    40.453423     1.34734     0.12099 
    40.797245     1.49785     0.13397 
    41.115736     1.54129     0.13841 
    41.433476     1.48169     0.13253 
    41.762821     1.41216     0.12682 
    42.103749     1.34994     0.12123 
    42.469920     1.21633     0.10879 
    42.817357     1.48801     0.13363 
    43.132534     1.43867     0.12868 
    43.459873     1.35927     0.12207 
    43.777743     1.50646     0.13474 
    44.071397     1.56768     0.14078 
    44.374340     1.38878     0.12472 
    44.709430     1.27157     0.11373 
    45.039841     1.40943     0.12657 
    45.375821     1.21425     0.10861 
    45.711820     1.38854     0.12469 
    46.030086     1.32737     0.11872 
    46.354566     1.31667     0.11824 
    46.658564     1.48595     0.13344 
    46.952611     1.39633     0.12489 
    47.269689     1.26245     0.11337 
    47.580604     1.43623     0.12846 
    47.878645     1.35164     0.12138 
    48.157146     1.62594     0.14601 
    48.427321     1.42491     0.12745 
    48.720087     1.36283     0.12239 
    49.014195     1.39488     0.12476 
    49.302196     1.40445     0.12612 
    49.573882     1.55331     0.13893 
    49.828351     1.58059     0.14194 
    50.105893     1.29349     0.11616 
    50.380036     1.61982     0.14488 
    50.633577     1.48033     0.13294 
    50.915289     1.30189     0.11644 
    51.193931     1.49909     0.13462 
    51.455192     1.45698     0.13032 
    51.717902     1.46737     0.13177 
    52.009384     1.17511     0.10553 
    52.300883     1.46252     0.13081 
    52.569853     1.35110     0.12133 
    52.829695     1.55720     0.13928 
    53.075901     1.48385     0.13325 
    53.320214     1.55488     0.13963 
    53.570303     1.41671     0.12671 
    53.831754     1.40589     0.12625 
    54.084508     1.50297     0.13443 
    54.335794     1.40871     0.12651 
    54.597432     1.37272     0.12278 
    54.854351     1.44842     0.13007 
    55.102360     1.44635     0.12989 
    55.364490     1.29896     0.11618 
    55.632709     1.36541     0.12262 
    55.888506     1.41375     0.12645 
    56.154910     1.25059     0.11231 
    56.411431     1.51996     0.13595 
    56.636113     1.60328     0.14398 
    56.884774     1.23912     0.11128 
    57.132744     1.61243     0.14422 
    57.372042     1.30972     0.11762 
    57.627443     1.39114     0.12443 
    57.858082     1.60049     0.14373 
    58.087997     1.37711     0.12367 
    58.339731     1.32813     0.11879 
    58.599137     1.28517     0.11541 
    58.858112     1.32086     0.11814 
    59.102479     1.43414     0.12879 
    59.323233     1.60706     0.14374 
    59.529148     1.63188     0.14655 
    59.744375     1.45326     0.13051 
    59.960300     1.62207     0.14508 
    60.178616     1.41305     0.12690 
    60.415138     1.36659     0.12223 
    60.650991     1.41017     0.12664 
    60.895091     1.26895     0.11350 
    61.140936     1.37803     0.12375 
    61.354351     1.67013     0.14998 
    61.555418     1.54241     0.13796 
    61.789367     1.23625     0.11102 
    62.049241     1.22660     0.10971 
    62.290353     1.43469     0.12884 
    62.514270     1.39070     0.12489 
    62.730711     1.54040     0.13778 
    62.943018     1.43345     0.12873 
    63.157272     1.50158     0.13431 
    63.368745     1.46097     0.13120 
    63.587033     1.40045     0.12526 
    63.802089     1.49642     0.13438 
    64.013674     1.42425     0.12790 
    64.237056     1.34478     0.12028 
    64.468241     1.31909     0.11846 
    64.689424     1.46243     0.13080 
    64.928742     1.13269     0.10172 
    65.170136     1.42355     0.12733 
    65.393208     1.30249     0.11697 
    65.603885     1.58621     0.14245 
    65.807671     1.38724     0.12408 
    66.006129     1.67038     0.15000 
    66.213271     1.27698     0.11422 
    66.445522     1.29579     0.11637 
    66.668960     1.35999     0.12213 
