#  rad density density_err 
     0.005331   450.78113    50.47938 
     0.008992   426.54585    78.32212 
     0.011012   446.64834    50.01658 
     0.013485   467.69823    12.96339 
     0.016514   438.49609    55.33857 
     0.020177   463.41035    12.84454 
     0.024652   463.41035     6.41217 
     0.030189   476.39339    33.17235 
     0.036800   498.84512    91.59767 
     0.044962   517.56598   155.95288 
     0.054809   532.06627   225.26227 
     0.066965   536.98942   313.10333 
     0.082007   463.41035   225.32739 
     0.100196   374.94341   129.93457 
     0.122419   274.13578    22.94487 
     0.149571   202.28595    19.78662 
     0.182746   179.45920     4.97415 
     0.223279   138.66464     3.84343 
     0.272803    95.05298    17.45358 
     0.333310    70.78899    14.02443 
     0.407238    63.38197     7.09764 
     0.497564    44.25534     3.08160 
     0.607923    29.78281     0.41210 
     0.744473    23.65733     5.72427 
     0.909596    12.30172     1.90429 
     0.954660     8.35537     5.28653 
     1.111345     9.41815     0.65581 
     1.323880     6.51577     0.54536 
     1.357840     7.55033     3.07944 
     1.659009     4.34476     1.11533 
     1.913589     2.64220     0.03656 
     2.139656     1.92078     0.60740 
     2.521993     1.67207     0.52876 
     2.944629     1.15525     0.36532 
     3.549751     0.60394     0.19098 
     4.572133     0.26728     0.08452 
     5.959247     0.18145     0.05738 
     9.311687     0.03266     0.01033 
    14.398416     0.02237     0.00708 
    17.679713     0.05549     0.01755 
    19.996205     0.02644     0.00836 
    22.769628     0.02756     0.00872 
    25.222007     0.02664     0.00842 
    27.887482     0.01927     0.00609 
    29.924472     0.04784     0.01513 
    31.300700     0.03099     0.00980 
    32.931622     0.02981     0.00943 
    34.928956     0.01920     0.00607 
    36.661327     0.03978     0.01258 
    38.133383     0.02253     0.00712 
    39.576397     0.03892     0.01231 
    40.569644     0.04115     0.01301 
    41.564014     0.03698     0.01170 
    42.672884     0.03154     0.00998 
    43.682485     0.04354     0.01377 
    44.866034     0.02318     0.00733 
    46.147374     0.03341     0.01056 
    46.928492     0.06401     0.02024 
    47.519443     0.05136     0.01624 
    48.127414     0.05865     0.01855 
    49.041880     0.02565     0.00811 
    50.091821     0.03806     0.01204 
    51.182866     0.02308     0.00730 
