#  rad density density_err 
     0.007326  7940.31049  3238.49969 
     0.012327  6979.71171  3173.27687 
     0.014992  6365.57274  2596.23416 
     0.018317  5544.18208  1587.75700 
     0.022483  5246.11112  1738.55852 
     0.027469  4444.64915   880.55623 
     0.033485  3835.63687   375.18327 
     0.041006  3434.29411   335.92588 
     0.041865  2354.16818  1144.68437 
     0.049986  2882.95249    39.89116 
     0.054431  2397.93543   509.97331 
     0.061214  2581.29408    71.54680 
     0.068053  2147.02690   363.23587 
     0.074619  2605.17850   592.12602 
     0.075657  1802.34317   597.29560 
     0.081442  1958.11180   219.27332 
     0.091379  2354.16818   674.19268 
     0.095027  1802.34317   125.50122 
     0.104918  1658.96600   138.85368 
     0.108855  1674.31622    46.40772 
     0.111647  1869.98225   316.36522 
     0.122419  1526.99454    21.12889 
     0.136097  1405.52147    38.95742 
     0.136411  1541.12365   216.48592 
     0.146167  1179.87904   199.61296 
     0.149571  1329.95665    73.96408 
     0.162873  1246.91682    86.82563 
     0.166667  1281.85082   198.42929 
     0.176949  1169.06184   114.35192 
     0.190480  1076.06247   105.25518 
     0.202698   839.14592   154.08351 
     0.203633  1367.21711   819.67986 
     0.204103   963.46842    40.12141 
     0.217194   886.82410    12.27091 
     0.244821   691.57213   107.05471 
     0.248799   717.52574    49.96294 
     0.281740   779.53835   223.24618 
     0.285660   575.22465    89.04423 
     0.303983   619.20932    43.11694 
     0.326474   478.45102    87.85291 
     0.367154   373.11051   129.29939 
     0.371406   362.94221   131.29845 
     0.391605   383.56369    59.37529 
     0.408177   356.31777    65.42687 
     0.448589   362.94221    20.18463 
     0.453784   373.11051    47.08686 
     0.489608   334.07001    46.92774 
     0.530700   304.67547    51.54526 
     0.544313   233.25850    42.83080 
     0.554433   304.67547    87.25374 
     0.612137   235.41682    29.70980 
     0.677406   212.73428    48.35197 
     0.734258   158.43002     2.19218 
     0.756569   195.81118    79.86268 
     0.827654   137.98678    13.49719 
     0.856739   137.98678    27.33739 
     0.979149    88.68241     8.67448 
     1.011227    95.46353    10.69020 
     1.051596    97.23833    24.96175 
     1.101156    83.14526    12.87081 
     1.224190    69.15721    13.70115 
     1.238365    77.95383    34.21924 
     1.345392    61.35324    20.33243 
     1.461668    47.84510     9.47888 
     1.468415    46.97183     9.30587 
     1.513034    57.52246    37.35781 
     1.713360    31.61095     3.53986 
     1.848625    44.03900    45.17102 
     2.026977    24.42516     8.09449 
     2.078973    17.85819     0.99316 
     2.247944    11.14765     1.53125 
     2.528662    14.83756     2.03810 
     2.785467    10.48629     1.44040 
     3.079421     9.15752     1.25788 
     3.402516     7.14303     0.98117 
     3.745656     6.63888     0.91192 
     4.097934     5.63421     0.77392 
     4.492072     4.43991     0.60987 
     4.851933     5.85785     0.80464 
     5.113185     7.44661     1.01336 
     5.356249     6.04748     0.83069 
     5.615670     5.81233     0.79839 
     5.870349     5.72645     0.78659 
     6.098356     6.74435     0.92641 
     6.291793     7.37509     1.01305 
     6.457385     8.74352     1.20101 
     6.624458     6.89243     0.94675 
     6.802684     7.22153     0.99195 
     6.986711     6.14892     0.84462 
     7.171954     6.75401     0.92773 
     7.359682     5.69320     0.78202 
     7.547251     6.42989     0.88321 
     7.732730     5.53346     0.76008 
     7.911516     6.77103     0.92142 
     8.079346     5.95834     0.81844 
     8.228948     8.26790     1.13568 
     8.363867     6.91454     0.94979 
     8.511777     6.60832     0.90772 
     8.650600     7.63688     1.04901 
     8.784276     6.87535     0.94440 
     8.935209     5.82025     0.79947 
     9.084894     6.76884     0.92977 
     9.217382     7.16055     0.98358 
     9.363789     5.45921     0.74988 
     9.516925     6.27448     0.86187 
     9.653613     6.61387     0.90849 
     9.780172     7.12771     0.97907 
     9.906387     6.47891     0.88995 
    10.032767     7.06002     0.96075 
    10.148178     7.59189     1.04283 
    10.258232     7.43323     1.02103 
    10.377175     6.38724     0.87735 
    10.518518     5.15979     0.70875 
    10.650985     7.23160     0.99334 
    10.769575     6.13514     0.84273 
    10.893220     6.47322     0.88916 
    11.011968     6.49861     0.89265 
    11.119268     7.84284     1.07730 
    11.235717     5.51323     0.75730 
    11.362397     6.33502     0.87018 
    11.485665     5.67770     0.77989 
    11.600230     7.28772     1.00105 
    11.702724     6.98025     0.94989 
    11.812522     6.24276     0.85751 
    11.937399     5.22007     0.71703 
    12.055112     6.99300     0.96056 
    12.173047     5.10230     0.70085 
    12.295971     6.23432     0.85635 
    12.411389     5.62617     0.77281 
    12.521273     6.80691     0.93500 
    12.618766     6.96199     0.95630 
    12.721871     6.01703     0.82650 
    12.817814     8.05601     1.10658 
    12.908332     6.57760     0.90350 
    12.992126     9.51412     1.30686 
    13.084189     5.56324     0.76417 
    13.208332     4.91435     0.66876 
    13.329038     5.80553     0.79745 
    13.436181     5.96312     0.81910 
    13.536031     6.60003     0.90658 
    13.634683     6.01310     0.82596 
    13.738749     5.83364     0.80131 
    13.833565     7.22597     0.99256 
    13.912132     8.33435     1.14481 
    13.995133     6.46330     0.88780 
    14.078253     8.20926     1.12763 
    14.159055     6.72282     0.92345 
    14.245873     6.96432     0.95662 
    14.324715     8.10408     1.11318 
    14.405366     6.60601     0.90740 
    14.486209     7.97162     1.09499 
    14.570675     6.15145     0.83711 
    14.656877     7.52126     1.03312 
    14.730815     8.02481     1.10229 
    14.808122     6.84175     0.93979 
    14.883360     8.43170     1.15818 
    14.959697     6.59819     0.90633 
    15.052550     5.58991     0.76783 
    15.143091     6.89131     0.94659 
    15.241200     4.79641     0.65884 
    15.345962     5.83919     0.80207 
    15.427818     7.85809     1.07939 
    15.495637     8.24061     1.13193 
    15.558064     9.22132     1.26665 
    15.625159     7.16023     0.98353 
    15.704541     6.56426     0.89328 
    15.792386     5.78567     0.79472 
    15.890651     5.09375     0.69968 
    15.980523     6.98834     0.95992 
    16.049513     8.41622     1.15606 
    16.123621     6.09969     0.83786 
    16.210834     5.86907     0.80618 
    16.291647     7.09581     0.97468 
    16.370252     6.11665     0.84019 
    16.441440     8.82529     1.21225 
    16.515866     5.62978     0.77331 
    16.601077     6.37515     0.87569 
    16.690443     5.10343     0.70101 
    16.779439     6.36657     0.87452 
    16.863128     5.65750     0.77712 
    16.947317     6.34211     0.86305 
    17.027879     6.10343     0.83837 
    17.106586     6.46681     0.88828 
    17.183900     6.26304     0.86029 
    17.263728     6.01146     0.82574 
    17.340236     6.78115     0.93146 
    17.410760     6.98997     0.96015 
    17.480460     6.88474     0.94569 
    17.554054     6.23268     0.85612 
    17.627648     6.82724     0.93779 
    17.695939     7.16907     0.98475 
    17.769031     5.95664     0.81821 
    17.842538     7.02277     0.96465 
    17.912664     6.45663     0.88689 
    17.985545     6.56131     0.89288 
    18.062802     5.71692     0.78528 
    18.138860     6.60287     0.90697 
    18.201179     8.54910     1.17431 
    18.265285     6.24063     0.85722 
    18.336185     6.78518     0.93202 
    18.401436     7.31079     1.00421 
    18.470392     6.07213     0.83407 
    18.540821     6.93018     0.95193 
    18.594372    10.94376     1.50324 
    18.643981     7.83212     1.07582 
    18.704800     7.06053     0.96984 
    18.777594     5.49729     0.75511 
    18.852603     6.55077     0.89982 
    18.919894     6.85335     0.93262 
    18.988203     6.31596     0.86756 
    19.061319     5.83066     0.80090 
    19.142769     5.06480     0.69570 
    19.216567     7.24419     0.99507 
    19.279101     6.78598     0.93213 
    19.345435     6.39422     0.87831 
    19.420188     5.34166     0.73373 
    19.499142     5.64789     0.77580 
    19.573872     5.91415     0.81237 
    19.649970     5.41121     0.74329 
    19.724708     6.09663     0.83744 
    19.785448     8.30485     1.14076 
    19.835128     8.85538     1.21638 
    19.891612     6.52948     0.89689 
    19.948996     8.64708     1.17672 
    20.009718     5.88588     0.80849 
    20.074110     7.35094     1.00973 
    20.131134     7.36603     1.01180 
    20.198681     5.33973     0.73347 
    20.272512     5.99093     0.82292 
    20.340479     6.23792     0.85684 
    20.406004     6.40180     0.87935 
    20.475670     5.51047     0.75692 
    20.543322     6.78193     0.93157 
    20.606386     6.24161     0.85735 
    20.671052     6.40127     0.87928 
    20.731821     7.04040     0.96707 
    20.783376     8.95577     1.23017 
    20.839546     6.15332     0.83736 
    20.901354     7.13099     0.97952 
    20.956645     7.45575     1.02413 
    21.020341     5.46660     0.75090 
    21.092650     5.61599     0.77142 
    21.159397     6.40035     0.87916 
    21.216392     7.68969     1.05626 
    21.266913     8.03891     1.10423 
    21.320750     6.78211     0.93159 
    21.383255     5.91639     0.81268 
    21.440187     8.33753     1.14525 
    21.493769     6.54341     0.89881 
    21.553998     6.47050     0.88879 
    21.608703     7.97855     1.09594 
    21.662663     6.72510     0.91517 
    21.712329     9.63083     1.32290 
    21.758419     7.47826     1.02722 
    21.818315     5.68943     0.78150 
    21.883231     6.22930     0.85566 
    21.948554     5.58875     0.76767 
    22.011715     6.65807     0.91456 
    22.074679     5.58896     0.76770 
    22.136490     6.89680     0.94735 
    22.189598     7.45865     1.02452 
    22.240834     7.36385     1.01150 
    22.298208     5.98143     0.82161 
    22.352826     8.20492     1.12703 
    22.411863     5.22161     0.71724 
    22.476531     6.55453     0.90033 
    22.530255     7.59992     1.03422 
    22.599180     4.25812     0.58490 
    22.669401     7.04916     0.96828 
    22.728211     5.72439     0.78631 
    22.786888     7.04832     0.96816 
    22.839289     7.06413     0.97033 
    22.891131     7.16901     0.98474 
    22.939642     8.05997     1.10712 
    22.994545     5.71547     0.78508 
    23.062494     5.10001     0.70054 
    23.129304     5.89143     0.80925 
    23.186341     6.97321     0.95784 
    23.243677     5.80651     0.79759 
    23.300945     6.95668     0.95557 
    23.354389     6.70935     0.91303 
    23.404865     7.81701     1.07375 
    23.454422     6.78457     0.93193 
    23.506557     7.00060     0.96161 
    23.557056     7.19905     0.98886 
    23.609600     6.45497     0.88666 
    23.670363     5.38513     0.73970 
    23.726479     7.71910     1.06030 
    23.779762     5.86227     0.80524 
    23.840239     5.85369     0.80407 
    23.899541     6.06839     0.83356 
    23.953058     7.20563     0.98977 
    24.006852     5.98420     0.82199 
    24.064912     6.10610     0.83874 
    24.119755     6.68936     0.91885 
