#  rad density density_err 
     0.003663 11817.90228  2859.53095 
     0.005996 11927.25198  2710.92223 
     0.007326 11817.90228  2859.53095 
     0.008992 12148.99615  2406.91085 
     0.011012 12261.40943  2251.43326 
     0.013485 12037.61349  2560.06125 
     0.016514 12374.86285  2093.59000 
     0.020177 12604.92873  1770.64934 
     0.024652 13198.98072   919.07479 
     0.030189 13821.02952   383.08323 
     0.036800 14472.39457  1007.74547 
     0.044962 16015.49605  3640.13138 
     0.055062 18219.66530  7997.84914 
     0.067120 21704.03067 16699.39635 
     0.082196 26093.98417 29826.91094 
     0.122701 24018.19655 23721.34295 
     0.149916 19794.31123 12194.68423 
     0.183168 13568.76730   565.03992 
     0.190480 14208.24360  1793.09225 
     0.217194 13321.10939   740.83890 
     0.223794 15868.66510  5499.19833 
     0.244821 12261.40943   169.66006 
     0.272175 11080.01618  1240.76260 
     0.273432 13948.91393  3580.78285 
     0.299122 10105.09486  1855.49196 
     0.326474  9561.81627  1894.34905 
     0.334079  9650.29067  1632.64452 
     0.353060  9387.29346  1453.14408 
     0.380933  9047.74589  1013.18486 
     0.408177  9387.29346   260.19152 
     0.435360  7808.01061  1208.67260 
     0.489608  7320.49409   407.12126 
     0.498711  8026.76216   898.85304 
     0.571280  6145.26187    85.03146 
     0.609325  6317.42936  1160.00291 
     0.652903  4618.91951   648.83245 
     0.734258  3536.22911   803.74273 
     0.744473  3254.92057  1029.61279 
     0.767094  3635.30116   202.17329 
     0.816298  3285.03798    91.05277 
     0.897116  3079.92680   565.53447 
     0.909596  3023.71180   643.05831 
     0.954660  2190.48556   276.44111 
     0.979149  2491.95614   421.59130 
     0.981406  1646.41910   800.55037 
     1.061326  1772.31288   123.41014 
     1.111345  1692.54566    46.91299 
     1.199082  1226.14094   207.43959 
     1.224190  1356.87673    75.46121 
     1.323880   896.47957   243.40497 
     1.357840  1139.04372   242.24251 
     1.468415  1001.24508   331.81210 
     1.534083   631.74294   125.15840 
     1.713360   597.77864   118.42953 
     1.913589   278.31742   144.21471 
     1.958163   474.83245   215.87924 
     1.967201   429.08210   129.29093 
     2.202159   316.62149   109.72343 
     2.448210   189.03420     2.61565 
     2.641489    88.82606    79.46913 
     2.653681   166.16532    32.92001 
     2.690598   143.39711     3.97460 
     2.850026   100.12451    27.18501 
     2.936627   121.48996    18.80653 
     3.395070    76.65498     8.58398 
     3.426484    83.27994    23.84992 
     3.952290    54.51806    13.99516 
     4.138555    49.72106    16.47753 
     4.157658    37.71728     2.62634 
     4.907369    15.15446    13.28175 
     7.234571    14.42541     1.20212 
     7.461151    13.15186     1.09599 
     7.690797    13.20106     1.10009 
     7.903585    14.51032     1.20919 
     8.117395    12.39515     1.03293 
     8.330458    13.87029     1.15586 
     8.544716    11.65310     0.97109 
     8.781993    10.67853     0.88988 
     9.022773    10.70967     0.89247 
     9.257094    10.69588     0.89132 
     9.467073    12.84344     1.07029 
     9.656414    12.47869     1.03989 
     9.861279    10.65983     0.88525 
    10.080120    10.42248     0.86854 
    10.288971    11.16203     0.93017 
    10.491156    10.66604     0.88884 
    10.699249    10.13386     0.84449 
    10.908910    10.10304     0.84192 
    11.104783    11.22854     0.93571 
    11.297325    10.07865     0.83989 
    11.488118    11.06444     0.92204 
    11.681498     9.50288     0.79191 
    11.888622     9.27729     0.77311 
    12.072270    11.90220     0.99185 
    12.250106     9.53691     0.79474 
    12.432477    10.93568     0.91131 
    12.618743     8.90464     0.74205 
    12.801096    11.13783     0.92815 
    12.961410    11.05928     0.92161 
    13.121504    10.89556     0.90796 
    13.275514    11.76840     0.97731 
    13.433784    10.10510     0.84209 
    13.590996    11.58203     0.96517 
    13.731644    12.29921     1.02493 
    13.865954    12.43495     1.03625 
    13.993183    13.47569     1.12297 
    14.129977    10.66737     0.88895 
    14.283596    10.33918     0.86160 
    14.438836    10.22121     0.85177 
    14.589839    10.70676     0.89223 
    14.729731    11.69255     0.97438 
    14.864371    11.31956     0.94330 
    15.009468     9.91598     0.82633 
    15.152839    11.39294     0.94941 
    15.288406    10.83312     0.90276 
    15.425775    10.89553     0.90796 
    15.557285    11.63082     0.96923 
    15.680059    12.29407     1.02451 
    15.803638    11.38434     0.94542 
    15.933797    10.89260     0.90772 
    16.054830    12.97505     1.08125 
    16.174791    10.90755     0.90896 
    16.293738    13.02473     1.08539 
    16.408032    11.58226     0.96519 
    16.526280    11.96536     0.99711 
    16.645459    11.24342     0.93695 
    16.766876    11.35521     0.94627 
    16.870352    15.69083     1.30757 
    16.969123    12.17174     1.01431 
    17.082630    11.56025     0.96335 
    17.199420    11.33800     0.94483 
    17.314604    11.72993     0.97749 
    17.426963    11.75529     0.97961 
    17.536411    12.21137     1.01761 
    17.642707    12.30504     1.02542 
    17.749167    12.02794     1.00233 
    17.856365    12.07369     1.00267 
    17.966475    11.27084     0.93924 
    18.075680    12.04872     1.00406 
    18.184116    11.28940     0.94078 
    18.295371    11.29878     0.94157 
    18.399618    12.75868     1.06322 
    18.504243    11.09578     0.92465 
    18.626865     9.20808     0.76734 
    18.746116    11.65651     0.97138 
    18.848886    12.07960     1.00663 
    18.952814    11.28025     0.94002 
    19.066213    10.05062     0.83755 
    19.181551    10.75656     0.89638 
    19.290501    11.12180     0.92682 
    19.397383    11.04832     0.92069 
    19.494309    13.52676     1.12723 
    19.595196    10.18264     0.84855 
    19.696619    13.22446     1.10204 
    19.788740    12.11546     1.00613 
    19.886759    11.54979     0.96248 
    19.979739    13.31029     1.10919 
    20.079834    10.01103     0.83425 
    20.183488    12.17071     1.01423 
    20.276066    12.30482     1.02540 
    20.365574    12.91182     1.07598 
    20.453291    12.69308     1.05776 
    20.548382    10.94506     0.91209 
    20.647496    11.52328     0.96027 
    20.736345    13.58217     1.13185 
    20.828029    10.78827     0.89902 
    20.926990    11.41661     0.95138 
    21.023987    11.11586     0.92632 
    21.116507    12.47893     1.03991 
    21.208201    11.20831     0.93403 
    21.300310    12.25397     1.02116 
    21.392744    11.03732     0.91978 
    21.486727    11.81510     0.98119 
    21.577826    11.63404     0.96950 
    21.660239    14.38936     1.19911 
    21.737023    13.17340     1.09778 
    21.819653    12.32478     1.02707 
    21.909162    11.15246     0.92937 
    21.997615    12.53591     1.04466 
    22.081789    12.17618     1.01468 
    22.165100    12.70517     1.05876 
    22.257233    10.00853     0.83404 
    22.353573    11.41741     0.95145 
    22.440379    12.18533     1.01544 
    22.524987    11.91367     0.99281 
    22.610129    11.94186     0.99515 
    22.697069    11.34543     0.94545 
    22.781038    12.74453     1.06204 
    22.859140    12.97584     1.08132 
    22.938381    12.30224     1.02519 
    23.025588    10.75369     0.89305 
    23.113968    11.86647     0.98887 
    23.201378    10.82379     0.90198 
    23.289104    11.68857     0.97405 
    23.372361    11.91137     0.99261 
    23.453241    12.30150     1.02513 
    23.533367    12.05036     1.00420 
    23.617380    11.12731     0.92728 
    23.706091    10.71645     0.89304 
    23.795428    10.88797     0.90733 
    23.879464    12.05500     1.00458 
    23.956312    12.91379     1.07615 
    24.034739    11.52008     0.96001 
    24.121098    10.56360     0.88030 
    24.202815    12.88519     1.07377 
    24.281325    11.29964     0.94164 
    24.360385    12.61308     1.05109 
    24.437874    11.66591     0.97216 
    24.521508    10.83251     0.89959 
    24.606615    11.17639     0.93137 
    24.687577    11.81266     0.98439 
    24.764871    12.17666     1.01472 
    24.841832    11.83995     0.98666 
    24.918666    12.14175     1.01181 
    24.989088    14.08919     1.17410 
    25.060888    11.64891     0.97074 
    25.138894    11.76249     0.98021 
    25.217601    11.37365     0.94780 
    25.289076    14.37451     1.19788 
    25.358010    12.07917     1.00660 
    25.432549    12.13593     1.01133 
    25.506201    12.30025     1.02502 
    25.574946    13.90619     1.15885 
    25.647704    11.02159     0.91847 
    25.725411    11.98415     0.99868 
    25.798586    12.33639     1.02803 
    25.870745    12.33689     1.02452 
    25.939958    13.36201     1.11350 
    26.005873    13.41200     1.11767 
    26.077833    11.23653     0.93638 
    26.152846    12.20300     1.01692 
    26.223794    12.46989     1.03916 
    26.291775    13.23213     1.10268 
    26.367824    10.08088     0.84007 
    26.453127    10.26687     0.85557 
    26.534871    10.91868     0.90989 
    26.611240    11.69601     0.97467 
    26.682121    12.60791     1.05066 
    26.755939    10.77304     0.89775 
    26.837886    10.11995     0.84333 
    26.916990    11.53330     0.96111 
    26.991290    11.35542     0.94628 
    27.060688    13.22865     1.10239 
    27.132367    10.64711     0.88726 
    27.208180    11.73280     0.97436 
    27.275889    13.31041     1.10920 
    27.339431    13.10692     1.09224 
    27.404133    12.77853     1.06488 
    27.473035    11.52891     0.96074 
    27.546745    11.08391     0.92366 
    27.617908    12.33705     1.02809 
    27.684505    12.55615     1.04635 
    27.755082    10.97728     0.91477 
    27.826658    12.12413     1.01034 
    27.896479    11.45662     0.95472 
    27.969572    11.00226     0.91686 
    28.037863    13.16100     1.09675 
    28.103629    11.74662     0.97889 
    28.172710    11.83464     0.98622 
    28.238377    12.96610     1.08051 
    28.304761    11.53833     0.96153 
    28.372669    12.30556     1.02546 
