#  rad density density_err 
     0.015165  3265.95241  2981.85801 
     0.025814  3388.51843  3410.91238 
     0.040818  3548.21438  3915.09961 
     0.051386  3118.96033  2677.02584 
     0.064692  1967.93093   137.03147 
     0.065441  1698.28218   262.89246 
     0.081442  1324.37158   728.98811 
     0.102529  1091.46510   956.58755 
     0.129077  1465.58109   463.59996 
     0.136097  1386.78729   565.60889 
     0.137673  1312.22967   638.05501 
     0.142840  1174.92421   802.72528 
     0.162498  2060.67666   528.98998 
     0.162873  1577.64706   244.21826 
     0.190480  1606.97771   111.89748 
     0.204573  1794.77434   200.98246 
     0.217194  1651.99927    45.78915 
     0.229007  1621.84689    44.95341 
     0.244821  1682.71223   140.84121 
     0.257542  1534.65179    42.53658 
     0.272175  1636.85365   160.10903 
     0.275327  1778.31975   404.19089 
     0.299122  1452.14456    40.24970 
     0.323481  1762.01602   583.93120 
     0.326474  1386.78729    57.74955 
     0.353060  1300.19907   108.82527 
     0.380933  1253.16960   104.88895 
     0.407238  1312.22967    54.64477 
     0.408177  1230.29668    68.42160 
     0.412904   827.96095   565.67494 
     0.413856  1122.04391   206.02909 
     0.435360  1081.45848   198.57681 
     0.459038  1577.64706   742.12356 
     0.489608   851.15735   386.97270 
     0.512683  1101.56430    30.53252 
     0.550616  1896.74895  1981.97068 
     0.571280   783.44741   319.53338 
     0.645429   776.26473   199.27253 
     0.652903   762.09630   206.91830 
     0.686829   805.39671    90.18995 
     0.688413   977.25939   179.44383 
     0.732569   776.26473    64.97253 
     0.734258   851.15735    59.26801 
     0.812547   682.35417    86.11367 
     0.816298   762.09630    31.73574 
     0.897116   542.01319   171.45233 
     0.918013   645.66888     8.93406 
     0.979149   567.55748    55.51570 
     1.022937   588.85701    24.52159 
     1.061326   552.08996     7.63922 
     1.106238   522.40804    14.47980 
     1.142480   572.80902   113.48265 
     1.147754   446.69372    75.57203 
     1.224190   476.44179    26.49679 
     1.287801   454.99838    50.95164 
     1.376730   616.60899   474.42791 
     1.468415   489.78993   261.67500 
     1.534083   371.54366    68.22264 
     1.584341   341.98720    48.03989 
     1.606382   562.35408   598.50615 
     1.621245   297.85840     4.12144 
     1.713360   279.26072     7.74039 
     1.769493   284.45256    39.95784 
     1.958163   274.16364   103.37373 
     1.967201   221.82467    12.33654 
     2.031649   169.82822    43.59608 
     2.041027   209.89875    17.56830 
     2.202159   194.98888    41.46864 
     2.290070   134.89935    32.64106 
     2.397998   136.14756     9.48026 
     2.448210   137.40731     1.90129 
     2.476559   120.78412    16.96688 
     2.569501    90.78411    42.70475 
     2.690598   130.01991    35.30197 
     2.753270    86.69815    23.53959 
     2.830406    91.62413     8.96222 
     2.850026   102.33162    10.00958 
     2.923134    87.50036     3.64375 
     2.936627    86.69815     2.40305 
     3.371699    65.76728     6.43303 
     3.426484    63.97493     8.07369 
     3.934130    37.49815     3.13856 
     3.952290    39.62870     1.09841 
     4.063018    34.19872     2.38133 
     4.157658    37.49815     6.88539 
     4.795664    23.01494     3.89369 
     4.998369    13.26066     1.55204 
     5.168484    13.81519     1.60598 
     5.342757    11.84395     1.38623 
     5.505111    15.16164     1.76251 
     5.653926    13.12820     1.53654 
     5.846583     8.68573     1.01659 
     6.058556     9.96088     1.15793 
     6.276302     7.70234     0.90149 
     6.523970     7.07942     0.82297 
     6.812112     5.30855     0.62132 
     7.197166     3.64596     0.42383 
     7.660775     3.17020     0.37104 
     8.195775     2.39618     0.28045 
     8.852844     1.84125     0.21404 
     9.915933     0.83474     0.09770 
    11.456407     0.61290     0.07125 
    14.791356     0.15733     0.01841 
    20.726549     0.08150     0.00954 
    27.055185     0.07532     0.00876 
    31.632691     0.10881     0.01274 
    35.178510     0.09009     0.01047 
    38.637378     0.09392     0.01099 
    41.974860     0.08078     0.00939 
    45.269528     0.08236     0.00964 
    48.089158     0.09575     0.01121 
    50.636762     0.09043     0.01051 
    53.276790     0.08053     0.00942 
    55.846391     0.08675     0.01008 
    58.066762     0.09956     0.01165 
    60.108664     0.09447     0.01098 
    62.150817     0.09300     0.01088 
    64.082584     0.09782     0.01145 
    65.870781     0.10377     0.01206 
    67.602380     0.09876     0.01156 
    69.223154     0.11332     0.01317 
    70.899968     0.08847     0.01035 
    72.663432     0.09548     0.01117 
