#  rad density density_err 
     0.007326   105.82795   102.52595 
     0.008992   103.89637   104.58300 
     0.014992    87.21685   121.50982 
     0.018317   117.11173    88.06393 
     0.018486   128.41046    74.87250 
     0.022483   109.79951    94.24170 
     0.027469   120.39277    80.21547 
     0.033485   111.84083    86.05196 
     0.036970   140.79927    48.79321 
     0.041006   146.08324    37.50058 
     0.049986   177.25578    14.83612 
     0.054935   154.38333    15.10102 
     0.061214   161.65919     2.23686 
     0.073426   154.38333     6.42894 
     0.074619   155.81182     8.66530 
     0.092013   151.56551    23.46220 
     0.110369   130.79779    10.94763 
     0.129077   120.39277    13.48183 
     0.136411    91.32725    22.09809 
     0.146841   108.79286    13.72975 
     0.165519   109.79951    31.44466 
     0.166667    79.54271    15.75869 
     0.184013   101.06491    31.96936 
     0.202231    94.75462    32.83669 
     0.203633    78.09089     4.34294 
     0.220724    81.02152    18.41523 
     0.238698    70.56680     9.91271 
     0.248799    73.21506    18.79481 
     0.257542    65.55418     8.27299 
     0.275962    60.33932     5.90210 
     0.294340    60.33932    11.07947 
     0.303983    64.35768    21.32810 
     0.331016    57.09530    15.50206 
     0.371406    58.69490    29.47419 
     0.386232    44.93662     5.03209 
     0.441417    47.05442    17.74192 
     0.453784    52.07154    31.21815 
     0.496419    45.77205    22.98486 
     0.551885    31.66652     2.20501 
     0.554433    46.19558    32.34836 
     0.606525    24.02152     5.10870 
     0.661986    19.98023     7.22807 
     0.677406    35.36718    20.62160 
     0.717544    17.08443     8.03650 
     0.827654    22.52166     5.44948 
     0.992770    10.58280     5.65396 
     1.011227    15.29679     1.71297 
     1.238365    13.82294     8.05976 
     1.839412     6.43186     1.04339 
     2.311934     6.02964     0.97814 
     2.766767     4.59399     0.74524 
     3.325653     2.83285     0.45955 
     3.938224     2.63326     0.42717 
     4.437120     3.28753     0.53331 
     4.841188     3.17448     0.51497 
     5.241584     2.83315     0.45960 
     5.661070     2.47463     0.40144 
     6.011669     3.73312     0.60559 
     6.313811     2.93638     0.47020 
     6.650046     2.69329     0.43691 
     6.945797     3.43035     0.55648 
     7.191723     3.53310     0.57314 
     7.439282     3.16209     0.51296 
     7.688629     3.25584     0.52817 
     7.958968     2.54073     0.41216 
     8.246225     2.66277     0.43196 
     8.514810     2.71371     0.44022 
     8.772031     2.72828     0.44259 
     9.032249     2.50097     0.40571 
     9.278143     2.90929     0.47195 
     9.483713     3.40870     0.55296 
     9.656261     4.06801     0.65140 
     9.837230     3.01481     0.48907 
    10.057213     2.54764     0.41328 
    10.286038     2.65320     0.43041 
    10.489376     3.11544     0.50539 
    10.678364     2.93599     0.47628 
    10.875187     2.77032     0.44941 
    11.071282     2.85337     0.46288 
    11.264814     2.74456     0.44523 
    11.447810     3.10081     0.50302 
    11.609755     3.39334     0.55047 
    11.779438     2.76258     0.44815 
    11.976442     2.42598     0.39355 
    12.179339     2.57862     0.41291 
    12.366951     2.75383     0.44673 
    12.539576     2.87657     0.46664 
    12.717367     2.53072     0.41054 
    12.878597     3.49031     0.56620 
    13.033893     2.63575     0.42757 
    13.199631     2.94784     0.47820 
    13.350139     3.11174     0.50479 
    13.491483     3.26960     0.53040 
    13.645237     2.60103     0.42194 
    13.818867     2.47462     0.40144 
    13.961830     3.97152     0.64427 
    14.088744     2.96546     0.48106 
    14.213780     4.14646     0.66396 
    14.345862     2.65401     0.43054 
    14.492005     3.12739     0.50733 
    14.632227     2.81171     0.45612 
    14.770602     3.15578     0.51194 
    14.898385     3.22636     0.52339 
    15.038348     2.60969     0.42335 
    15.192565     2.57943     0.41844 
    15.344106     2.64971     0.42984 
    15.485698     2.90515     0.47128 
    15.610849     3.34355     0.54240 
    15.710521     4.61169     0.74812 
    15.804651     3.65186     0.59241 
    15.918062     3.19527     0.51165 
    16.047244     2.76452     0.44847 
    16.164896     3.78005     0.61321 
    16.290415     2.44148     0.39606 
    16.434148     2.71784     0.44089 
    16.565927     2.84875     0.46213 
    16.696205     2.73588     0.44382 
    16.818058     3.23077     0.52410 
    16.922791     3.64083     0.59062 
    17.035305     2.79834     0.45395 
    17.156909     3.02996     0.49152 
    17.259236     3.96776     0.64366 
    17.364826     2.83471     0.45985 
    17.476280     3.45914     0.56115 
    17.579982     3.28866     0.52661 
    17.695515     2.76282     0.44819 
    17.823080     2.58193     0.41884 
    17.941492     3.19819     0.51881 
    18.044269     3.34658     0.54289 
    18.141319     3.54851     0.57564 
    18.234204     3.61225     0.58598 
    18.333197     3.10727     0.50407 
    18.436667     3.25518     0.52806 
    18.548536     2.65164     0.43015 
    18.661302     3.15972     0.51257 
    18.753656     3.92618     0.63691 
    18.833108     4.18329     0.67862 
    18.922584     3.21004     0.51402 
    19.012294     4.11866     0.66813 
    19.114185     2.50035     0.40561 
    19.227086     3.16903     0.51408 
    19.324946     3.24433     0.52630 
    19.425294     2.98700     0.48455 
    19.533663     2.75197     0.44643 
    19.635124     3.40667     0.55263 
    19.726571     3.31516     0.53779 
    19.826562     2.83753     0.46031 
    19.932563     2.90351     0.47101 
    20.040562     2.70660     0.43907 
    20.137989     3.60295     0.58448 
    20.220535     3.75551     0.60136 
    20.295762     4.33656     0.70348 
    20.370053     3.71747     0.60305 
    20.458522     3.04532     0.49402 
    20.548759     3.52901     0.57248 
    20.647632     2.56158     0.41554 
    20.748311     3.35006     0.54345 
    20.844307     2.76376     0.44834 
    20.947332     2.85664     0.46341 
    21.048467     2.83928     0.46059 
    21.145002     3.11327     0.50504 
    21.231175     3.53965     0.57421 
    21.324440     2.67426     0.43382 
    21.414396     3.92443     0.62841 
    21.502956     2.72376     0.44185 
    21.597889     3.23332     0.52451 
    21.682030     3.41511     0.55400 
    21.768675     3.03257     0.49195 
    21.862298     2.89272     0.46926 
    21.962332     2.63676     0.42774 
    22.069803     2.47986     0.40229 
    22.173820     2.79661     0.45367 
    22.261667     3.47559     0.56382 
    22.353388     2.56999     0.41691 
    22.450374     3.03722     0.49270 
    22.535316     3.30553     0.53623 
    22.626191     2.72800     0.43683 
    22.709457     4.03687     0.65487 
    22.793432     2.60187     0.42208 
    22.883556     3.37664     0.54776 
    22.966371     3.01439     0.48900 
    23.060457     2.60151     0.42202 
    23.151369     3.22458     0.52310 
    23.232980     3.16652     0.51368 
    23.318391     2.92684     0.47480 
    23.398109     3.64974     0.59207 
    23.475059     3.10101     0.50305 
    23.544910     4.53662     0.73594 
    23.604484     4.09767     0.66473 
    23.674361     3.39500     0.54364 
    23.763122     2.53758     0.41165 
    23.851943     3.27819     0.53179 
    23.920483     4.23276     0.68664 
    23.997992     2.64484     0.42905 
    24.085488     3.15032     0.51105 
    24.163469     3.28226     0.53245 
    24.230895     4.25956     0.69099 
    24.313371     2.33884     0.37941 
    24.407755     3.00658     0.48773 
    24.491250     2.91981     0.47366 
    24.578182     2.75582     0.44705 
    24.676870     2.26747     0.36783 
    24.763056     3.79916     0.61631 
    24.841767     2.68275     0.42958 
    24.928781     2.99918     0.48653 
    25.015381     2.61912     0.42488 
    25.106085     2.70362     0.43858 
    25.200101     2.42585     0.39353 
    25.294050     2.68762     0.43599 
    25.384803     2.57448     0.41764 
    25.469486     3.09092     0.50141 
    25.548335     2.92709     0.47484 
    25.627405     3.05425     0.49547 
    25.715189     2.39254     0.38812 
    25.798554     3.42580     0.55574 
    25.871027     3.05517     0.49561 
    25.938498     4.09583     0.65586 
    26.015828     2.41564     0.39187 
    26.114775     2.27810     0.36956 
    26.203167     3.07226     0.49839 
    26.277691     3.11348     0.50507 
    26.356125     2.76643     0.44877 
    26.431817     3.34339     0.54237 
    26.509052     2.65183     0.43018 
    26.586242     3.32835     0.53993 
    26.657699     3.04247     0.49355 
    26.727011     3.53265     0.57307 
    26.802613     2.58919     0.42002 
    26.881910     3.14899     0.51083 
    26.949101     3.65960     0.58600 
    27.006816     4.26613     0.69206 
    27.065595     3.43428     0.55711 
    27.137659     2.81878     0.45727 
    27.209995     3.38778     0.54957 
    27.274660     3.47976     0.56449 
    27.348707     2.62106     0.42519 
    27.427976     2.97299     0.48228 
    27.507945     2.56337     0.41583 
    27.582953     3.41286     0.55364 
    27.646115     3.52392     0.57166 
    27.715145     2.87202     0.46590 
    27.796090     2.53264     0.41085 
    27.866894     3.99904     0.64036 
    27.918823     4.49804     0.72968 
    27.974312     3.44162     0.55830 
    28.036130     3.54685     0.57537 
    28.104872     2.80694     0.45535 
    28.177903     3.09270     0.50170 
    28.241803     3.66691     0.59485 
    28.308837     2.82338     0.45801 
    28.387862     2.58607     0.41952 
    28.468604     2.68561     0.43566 
    28.539177     3.41570     0.55410 
    28.602612     3.26155     0.52909 
    28.666898     3.30983     0.53693 
    28.733519     3.10814     0.49770 
    28.797331     3.61333     0.58616 
    28.860029     3.11498     0.50532 
    28.934514     2.55854     0.41505 
    29.004447     3.58451     0.58148 
    29.067180     3.09186     0.50157 
    29.141002     2.58299     0.41902 
    29.218799     2.75083     0.44624 
    29.294887     2.68353     0.43533 
    29.365623     3.19107     0.51766 
    29.431147     3.08969     0.50121 
    29.503287     2.63584     0.42759 
    29.585528     2.35747     0.38243 
    29.660320     3.32857     0.53300 
    29.735943     2.30139     0.37333 
    29.816583     2.78220     0.45133 
    29.887337     2.94965     0.47850 
    29.951800     3.34743     0.54302 
    30.015496     3.00409     0.48733 
    30.082063     3.04340     0.49371 
    30.153504     2.61084     0.42353 
    30.229214     2.68191     0.43506 
    30.295293     3.46830     0.56263 
    30.349790     3.87417     0.62847 
    30.402439     3.69338     0.59914 
    30.457380     3.54452     0.57500 
    30.519456     2.90857     0.47183 
