#  rad density density_err 
     0.005331 29801.18385 15441.96871 
     0.007326 24787.54506  4551.47540 
     0.008992 28723.24593 11714.93524 
     0.011012 27684.29808  9174.56210 
     0.012327 25717.78236  5469.44775 
     0.013485 28459.90963 10295.69375 
     0.014992 24787.54506  3837.08836 
     0.015165 22815.68524   315.69867 
     0.016514 27179.00270  8189.57147 
     0.018317 25248.37993  4636.09364 
     0.020177 26438.29942  7178.31594 
     0.022483 24112.01564  3387.08178 
     0.024652 25717.78236  6222.82982 
     0.025814 23026.79617  1927.31817 
     0.027469 23671.92176  3325.26057 
     0.030189 23671.92176  3664.39093 
     0.032497 23454.89628  3630.79559 
     0.033485 23239.86050  3264.56773 
     0.036800 22193.89447  2170.89840 
     0.040818 21990.41963  2462.53162 
     0.041006 23026.79617  4561.97738 
     0.044962 21195.00468  2073.19188 
     0.049986 21788.81025  3686.24977 
     0.051386 22193.89447  4720.01608 
     0.054809 19689.44691  1095.00701 
     0.061214 22399.25205  6749.33799 
     0.064692 23671.92176 10022.04270 
     0.066965 18630.88636  1036.13633 
     0.074619 21589.04923  7481.56590 
     0.081442 21391.11964  8394.20750 
     0.082007 18460.07736  2857.60239 
     0.091379 18977.26039  5152.55420 
     0.100196 17792.35834  4305.14639 
     0.102529 15784.59767  1099.11713 
     0.111647 17467.61120  5263.33699 
     0.122419 16226.82366  4165.53806 
     0.129077 14003.40072   975.08837 
     0.136411 16376.96861  6174.95584 
     0.149571 14263.74338  3241.97888 
     0.166667 13875.01677  4180.81718 
     0.175731 12196.45216  1713.26950 
     0.182746 13496.88404  4677.27070 
     0.203633  9868.09943   273.51822 
     0.204573  9167.13267  1156.89982 
     0.223279 12196.45216  5163.64348 
     0.248799  7018.32567  2220.07196 
     0.257542  6702.44898  2322.69671 
     0.272803 10238.43357  4017.72031 
     0.281092  5678.49852  2851.51075 
     0.303983  6342.10630  1348.78733 
     0.323481  6283.96152   793.04121 
     0.333310  9083.08789  4561.15691 
     0.371406  5678.49852   395.40666 
     0.407238  7766.64611  4528.51153 
     0.412904  4723.16934   867.26576 
     0.453784  4552.32769   445.28647 
     0.497564  6641.00056  4650.34717 
     0.499860  4387.66556   121.61475 
     0.512683  3297.86988  1294.13535 
     0.554433  3453.29370   534.56657 
     0.607923  5178.85220  3538.26704 
     0.640986  3149.44129    87.29438 
     0.645429  2768.42981   588.76702 
     0.677406  2819.89876   275.82873 
     0.744473  4594.44986  4365.09888 
     0.812547  1933.00740   582.45339 
     0.827654  2389.09554   166.35811 
     0.909596  3453.29370  3280.90825 
     0.963493  1915.28548   160.30734 
     0.999652  1863.08864   235.12335 
     1.011227  1493.59729   295.90556 
     1.022937  1521.36534   213.71041 
     1.111345  2478.75451  2217.64279 
     1.238365  1033.31686   280.55794 
     1.287801  1082.01559   105.83748 
     1.326932  1092.02735    30.26818 
     1.357840  1622.68237  1164.08513 
     1.499163   986.80994   166.94936 
     1.513034   883.55485    24.48986 
     1.606382   805.81160    33.55616 
     1.621245   851.59581   131.82622 
     1.848625   783.85100   331.86102 
     1.999166   567.84985    79.76745 
     2.227659   396.49117    27.60857 
     2.499475   382.14969    92.46725 
     2.850026   210.00688    53.91022 
     2.970631   217.88810     9.07345 
     2.998118   184.60077    50.12133 
     3.474151   159.30651     2.20431 
     3.800570   131.29056     5.46729 
     3.998055   110.21318     3.05482 
     4.110066   105.25277     1.45637 
     4.632855    79.84239     2.21302 
     4.729865    74.17089     2.05583 
     4.998604    61.69266     3.43097 
     5.356101    57.31041     5.60582 
     5.468255    50.37714     0.69706 
     5.995822    40.75994     2.26682 
     6.307376    33.90264     0.46911 
     7.142475    26.92982     4.55601 
     7.241837    31.49441    15.81521 
     8.027691    14.87893     1.09392 
     8.266497    15.41207     1.13312 
     8.522186    12.32699     0.90630 
     8.783599    13.89501     1.01883 
     9.024558    13.63011     1.00211 
     9.276378    12.01058     0.88304 
     9.576202     9.21735     0.67585 
     9.897645     9.67390     0.71124 
    10.209785     9.10397     0.66934 
    10.520964     9.20749     0.67513 
    10.830944     8.64730     0.63576 
    11.185561     6.66638     0.49012 
    11.572338     6.75499     0.49530 
    11.972522     5.83215     0.42879 
    12.381396     6.00409     0.44143 
    12.825941     4.68147     0.34326 
    13.323806     4.39585     0.32319 
    13.876685     3.51849     0.25868 
    14.513222     3.04422     0.22321 
    15.179544     2.92733     0.21522 
    15.944865     2.12735     0.15641 
    16.988659     1.42879     0.10476 
    18.344393     1.07584     0.07910 
    20.060286     0.75662     0.05563 
    22.493059     0.44984     0.03298 
    26.704644     0.20056     0.01475 
    34.898854     0.07747     0.00570 
    45.039494     0.06999     0.00513 
    55.045911     0.05035     0.00370 
    64.570306     0.05412     0.00398 
    72.555019     0.05409     0.00397 
    79.995400     0.05016     0.00369 
    86.773916     0.05456     0.00401 
    92.436743     0.06272     0.00460 
    97.878281     0.05207     0.00383 
   103.313932     0.05594     0.00411 
   108.176898     0.05877     0.00432 
