#  rad density density_err 
     0.006235 27759.24903 16642.34394 
     0.007326 19742.75304   822.14127 
     0.012327 21252.38687  3595.49719 
     0.013148 26755.16989 14294.20790 
     0.014992 19742.75304  1097.97157 
     0.018317 20109.79822  1967.04228 
     0.018917 28801.00967 20167.84859 
     0.022483 20673.20033  2904.02185 
     0.025933 22667.71340  6830.23071 
     0.027469 19925.43049  2231.28996 
     0.031685 28536.96043 20963.87247 
     0.033485 19028.63839  1325.00700 
     0.040724 33682.76328 37831.11984 
     0.041006 19028.63839  2130.86537 
     0.041481 24854.65350 13681.01455 
     0.048178 23736.00982 12299.20002 
     0.049986 18510.05516  2335.98447 
     0.051268 21252.38687  7688.29098 
     0.055443 29336.46042 28973.87559 
     0.056474 21449.03279  8748.10704 
     0.061214 17354.32447  1697.51529 
     0.063951 18854.18278  4839.99935 
     0.073595 24177.29519 19026.84667 
     0.074619 15538.45066   647.06283 
     0.076181 18681.32660  6473.91066 
     0.076533 15682.22617  1312.58553 
     0.082575 15254.84197  1276.81393 
     0.091379 14302.36025   995.90560 
     0.098141 12688.42489   528.38010 
     0.101356 17676.96545  9159.60751 
     0.101589 14434.69836  2650.49138 
     0.108355 12924.32032   899.94957 
     0.111647 13533.42477  2681.18835 
     0.112940 11787.12022   163.09736 
     0.117991 11787.12022   326.70852 
     0.122419 10457.01457  1170.99762 
     0.127013 11360.76857   631.81669 
     0.127599 13286.41193  4202.82443 
     0.132999  9536.91063  1476.30468 
     0.136097  9449.47571  1192.53175 
     0.136411 12342.63008  3534.71387 
     0.149571  8383.15919  1539.31108 
     0.152352  9277.00334   257.13457 
     0.153762  8697.76587   727.99368 
     0.154116  9804.09956   958.98915 
     0.162873  8079.93213  1019.69420 
     0.166667 10749.98141  4053.29350 
     0.167822  7645.53205  1073.98911 
     0.177766  6845.54001  1555.90966 
     0.184437  7301.42642   406.06083 
     0.186573  7168.16037   499.13517 
     0.189168  7575.43739   209.97155 
     0.190480  6845.54001   766.57740 
     0.199457  6720.59482   373.75852 
     0.202698  6908.88101    95.59759 
     0.203165  5907.55418  1256.37034 
     0.203633  8154.69483  2335.36229 
     0.217194  5693.87217   881.40599 
     0.221742  5240.92220  1268.12516 
     0.223794  5962.21610   165.25723 
     0.225345  6300.97437   438.75105 
     0.228480  5051.35293  1222.25584 
     0.237601  5338.35822   371.72192 
     0.244821  4913.68954   690.23961 
     0.248799  5962.21610  1094.77884 
     0.254009  4522.80343   896.03985 
     0.260525  4049.55883  1280.97675 
     0.261125  4359.20922   863.62921 
     0.272175  4279.64468   540.09474 
     0.272803  4012.43226   911.97803 
     0.277875  4163.01248   525.37566 
     0.284347  3559.65340  1179.66730 
     0.297063  3727.41470   577.00024 
     0.297748  3430.89726   931.52983 
     0.299122  3625.83230   665.77333 
     0.303983  4359.20922   612.35022 
     0.304683  2988.18659  1311.71815 
     0.307503  3559.65340   500.03440 
     0.326474  3157.96791   579.86433 
     0.332544  3187.18823   356.90778 
     0.334849  2880.10097   739.34187 
     0.342648  3015.83594   380.60102 
     0.353060  2933.64604   286.95493 
     0.355507  2531.67360   800.83169 
     0.368849  2880.10097    39.85171 
     0.371406  3129.01549   394.88438 
     0.378311  2775.92490    38.41023 
     0.380933  2750.47507    38.05809 
     0.402577  2010.97982   696.89396 
     0.404435  2266.77134   318.41966 
     0.407238  2330.27788   162.26250 
     0.408177  2602.60172   217.83498 
     0.409118  2010.97982   605.94802 
     0.412904  2105.75438   447.83463 
     0.435360  2287.74552   159.30088 
     0.440401  1920.47082   297.28705 
     0.445501  1767.69654   453.77995 
     0.448589  1885.41828   264.84994 
     0.453784  2531.67360   877.33752 
     0.456929  1735.43245   394.44311 
     0.476265  1868.13266    25.84919 
     0.482891  1851.00552    51.30509 
     0.489608  1800.56048    74.98018 
     0.507982  1340.93496   424.17127 
     0.512683  1568.22262    65.30500 
     0.518619  1497.64097   125.35094 
     0.519815  1417.12354   219.36937 
     0.548086  1304.39076   146.06831 
     0.554433  1568.22262   310.69004 
     0.556992  1222.94722   206.89927 
     0.571280  1417.12354   178.84218 
     0.584586  1125.66124   174.25129 
     0.594085  1105.11561   155.23866 
     0.632192   910.76789   207.00669 
     0.652903   971.42150    40.45260 
     0.655917  1026.61525    71.48554 
     0.668111   953.69106    13.19614 
     0.677406  1105.11561   316.48583 
     0.678967   630.09744   377.75872 
     0.706072   807.99321    56.26239 
     0.734258   785.97316    21.78515 
     0.742760   743.71701    10.29075 
     0.779559   736.89857   103.51419 
     0.816298   653.74400    73.20757 
     0.827654   785.97316   369.72097 
     0.854769   590.75542    66.15399 
     0.872667   199.25430   381.43250 
     0.890941   624.32067   225.85505 
     0.897116   574.65569   139.04716 
     0.928643   533.83582   144.94284 
     0.965714   491.36895   140.71949 
     0.974650   500.50418   173.44696 
     0.979149   596.22161   397.25140 
     0.981406   524.09222   238.27484 
     1.001956   444.02530   113.98437 
     1.011227   491.36895   231.13945 
     1.039558   383.18431    64.82745 
     1.061326   452.28034   234.35643 
     1.076090   372.74147    95.68532 
     1.199082   275.04751    54.49132 
     1.224190   275.04751    78.76881 
     1.238365   379.67125   346.64490 
     1.354718   250.84631   146.26138 
     1.415301   162.70755    11.32969 
     1.468415   153.95993    19.42987 
     1.513034   162.70755    56.38540 
     1.632483    98.94816     9.67863 
     1.713360   116.79055    42.25030 
     1.848625   118.96185    93.61961 
     1.958163    61.85969     1.71459 
     2.064661    58.53393     7.38703 
     2.202159    37.61904    10.21402 
     2.258649    48.24005    11.67245 
     2.397998    34.62643     0.95976 
     2.414620    51.92873    36.36299 
     2.448210    41.24846    15.55278 
     2.711765    14.59092     2.43182 
     2.878524    10.54764     1.75794 
     3.073235     9.28876     1.54813 
     3.285466     7.79396     1.29899 
     3.532703     6.15729     1.01225 
     3.797871     5.81110     0.96852 
     4.090537     4.30029     0.71671 
     4.430013     3.66148     0.61025 
     4.820862     2.77386     0.46231 
     5.209050     3.16150     0.52692 
     5.659251     1.88339     0.30963 
     6.270972     1.36174     0.22696 
     6.995537     1.05251     0.17542 
     7.727633     1.08079     0.18013 
     8.316499     1.40110     0.23352 
     8.886832     0.99349     0.16558 
     9.543009     0.93016     0.15292 
    10.250190     0.74434     0.12406 
    10.944794     0.82021     0.13670 
    11.555733     0.84954     0.14159 
    12.165613     0.74036     0.12339 
    12.722104     0.94445     0.15741 
    13.229744     0.82669     0.13591 
    13.716308     0.96093     0.16016 
    14.143492     0.96530     0.16088 
    14.592807     0.81975     0.13663 
    15.087332     0.74450     0.12408 
    15.593816     0.73064     0.12177 
    16.098869     0.72115     0.11856 
    16.570412     0.79330     0.13222 
    17.000836     0.79301     0.13217 
    17.434063     0.74443     0.12407 
    17.871250     0.74059     0.12343 
    18.250995     0.96125     0.16021 
    18.575354     0.98413     0.16179 
    18.862239     1.20713     0.20119 
    19.138002     0.99831     0.16639 
    19.471661     0.80084     0.13347 
    19.834173     0.80783     0.13464 
    20.239410     0.62509     0.10418 
    20.654927     0.75393     0.12394 
    21.000232     0.87319     0.14553 
    21.314199     0.85209     0.14201 
    21.617167     0.91251     0.15209 
    21.930121     0.77885     0.12981 
    22.227291     0.99568     0.16595 
    22.483784     1.03076     0.16946 
    22.761558     0.83503     0.13917 
    23.034900     1.01429     0.16905 
    23.320118     0.75550     0.12592 
    23.649757     0.72519     0.12087 
    23.929131     1.06572     0.17762 
    24.164260     0.99231     0.16314 
    24.398999     1.04884     0.17481 
    24.630922     0.96943     0.16157 
    24.867324     0.98950     0.16492 
    25.167737     0.61867     0.10311 
    25.486526     0.83384     0.13897 
    25.797927     0.64628     0.10625 
    26.126848     0.71985     0.11997 
    26.382492     1.05096     0.17516 
    26.606368     0.89315     0.14886 
    26.881416     0.68981     0.11497 
    27.239209     0.51732     0.08622 
    27.566415     0.86202     0.14172 
    27.829271     0.74086     0.12348 
    28.126153     0.64493     0.10749 
    28.427623     0.70208     0.11701 
    28.723899     0.65298     0.10883 
    28.999413     0.80462     0.13410 
    29.270181     0.67971     0.11174 
    29.534355     0.83489     0.13915 
    29.775087     0.77248     0.12875 
    30.002670     0.92676     0.15446 
    30.201976     0.98525     0.16421 
    30.384752     1.08996     0.18166 
    30.570486     0.97059     0.15956 
    30.824567     0.60019     0.10003 
    31.107192     0.72074     0.12012 
    31.330880     0.95336     0.15889 
    31.548242     0.74768     0.12461 
    31.796648     0.70968     0.11828 
    32.032861     0.84128     0.13831 
    32.260055     0.75298     0.12550 
    32.490093     0.78656     0.13109 
    32.707750     0.82977     0.13830 
    32.926851     0.76626     0.12771 
    33.134287     0.92085     0.15347 
    33.324609     0.91626     0.15063 
    33.506822     0.99668     0.16611 
    33.702914     0.77058     0.12843 
    33.889903     1.10238     0.18373 
    34.050282     1.00521     0.16754 
    34.268029     0.62365     0.10394 
    34.548905     0.58043     0.09542 
    34.836921     0.58245     0.09707 
    35.061766     0.97668     0.16278 
    35.249586     0.78024     0.13004 
    35.482790     0.62567     0.10428 
    35.736249     0.64432     0.10739 
    35.991368     0.62591     0.10290 
    36.252278     0.60690     0.10115 
    36.499842     0.66880     0.11147 
    36.757159     0.55686     0.09281 
    37.008667     0.69396     0.11566 
    37.192033     1.07250     0.17875 
    37.380904     0.67293     0.11063 
    37.617308     0.63807     0.10635 
    37.795885     1.27983     0.21331 
    37.960156     0.71842     0.11974 
    38.166757     0.73911     0.12318 
    38.381664     0.65848     0.10975 
    38.581314     0.88433     0.14538 
    38.752422     0.87166     0.14528 
    38.909490     1.01894     0.16982 
    39.126758     0.50492     0.08415 
    39.356667     0.85736     0.14289 
    39.510106     1.05793     0.17632 
    39.691975     0.65454     0.10761 
    39.915523     0.65118     0.10853 
    40.116528     0.78657     0.13110 
    40.283960     0.92787     0.15464 
    40.451189     0.78181     0.13030 
    40.619924     0.90246     0.15041 
    40.785826     0.82266     0.13524 
    40.965660     0.75946     0.12658 
    41.161836     0.66860     0.11143 
    41.377017     0.62327     0.10388 
    41.552786     1.06585     0.17764 
    41.707097     0.76638     0.12773 
