#  rad density density_err 
     0.005331  3662.83554   886.28179 
     0.008992  3402.65110   477.97985 
     0.011012  3530.34720   648.24041 
     0.013485  3563.01310   757.75250 
     0.016514  3249.50657   271.98022 
     0.020177  3497.98079   693.00606 
     0.024652  3340.54572   517.11329 
     0.030189  3131.96875   262.14243 
     0.036800  2830.20191    78.44589 
     0.044962  2420.01144   514.66825 
     0.054809  2031.50277   860.08258 
     0.066965  1852.75255   842.34092 
     0.082007  1869.89586   563.43663 
     0.100196  1769.36495   350.53955 
     0.122419  1526.92399   302.50812 
     0.149571  1458.20109    40.41757 
     0.182746  1405.45654   237.77635 
     0.223279  1179.82452   182.63571 
     0.272803  1027.58420   218.53821 
     0.333310   854.70731   156.94089 
     0.407238   666.52650    46.41174 
     0.497564   519.77743    14.40689 
     0.607923   366.28355    77.89819 
     0.744473   290.94937    49.22307 
     0.909596   231.10930     3.19784 
     1.111345   155.53116     4.31092 
     1.357840   134.22006    78.25992 
     1.659009    43.63324     8.64444 
     2.026977    23.32477     0.64650 
     2.255164    13.93218     2.78644 
     2.373538    15.22413     3.04483 
     2.511484     9.55649     1.91130 
     2.647139    14.24302     2.84860 
     2.760132    11.96775     2.39355 
     2.876368    12.34869     2.46974 
     3.064095     4.92931     0.98586 
     3.335222     4.27869     0.85574 
     3.613831     3.95483     0.79097 
     3.921548     3.13083     0.61401 
     4.301176     2.19096     0.43819 
     4.841733     1.24722     0.24944 
     5.528190     1.00802     0.20160 
     6.278829     0.80494     0.16099 
     6.978937     0.93012     0.18602 
     7.568193     0.92959     0.18592 
     8.141488     0.84111     0.16822 
     8.758922     0.69477     0.13895 
     9.277354     1.11970     0.22394 
     9.795774     0.62126     0.12425 
    10.380840     0.74235     0.14847 
    10.898333     0.70390     0.14078 
    11.421229     0.66089     0.13218 
    12.013934     0.52323     0.10261 
    12.644942     0.52119     0.10424 
    13.211730     0.56840     0.11368 
    13.657707     0.80453     0.16091 
    14.031733     0.73473     0.14695 
    14.532827     0.44428     0.08886 
    14.985526     0.91825     0.18365 
    15.290575     0.81079     0.16216 
    15.617303     0.76621     0.15324 
    15.977717     0.64130     0.12826 
    16.317614     0.83655     0.16731 
    16.625295     0.73893     0.14779 
    16.980910     0.60492     0.12098 
    17.356940     0.65369     0.12820 
    17.680491     0.79692     0.15938 
    17.964164     0.77728     0.15546 
    18.313738     0.52454     0.10491 
    18.742903     0.47797     0.09559 
    19.148798     0.56518     0.11304 
    19.536429     0.49965     0.09993 
    19.907489     0.59750     0.11950 
    20.189466     0.85892     0.17178 
    20.548095     0.39695     0.07939 
    20.941488     0.63550     0.12710 
    21.201662     0.84775     0.16955 
    21.459921     0.62819     0.12564 
    21.728426     0.78741     0.15442 
    21.977409     0.70691     0.14138 
    22.235638     0.68731     0.13746 
    22.486889     0.73071     0.14614 
    22.740319     0.66098     0.13220 
    23.010138     0.62896     0.12579 
    23.271313     0.69103     0.13821 
    23.532005     0.61719     0.12344 
    23.771192     0.81883     0.16377 
    23.984539     0.74634     0.14927 
    24.232024     0.60214     0.12043 
    24.488193     0.67801     0.13560 
    24.763886     0.51540     0.10308 
    25.034950     0.68986     0.13797 
    25.255164     0.78007     0.15298 
    25.490236     0.60013     0.12003 
    25.714016     0.82544     0.16509 
    25.904405     0.79453     0.15891 
    26.093004     0.82929     0.16586 
    26.325554     0.53745     0.10749 
    26.571416     0.71135     0.14227 
    26.763725     0.85385     0.17077 
    26.930598     0.92553     0.18511 
    27.135880     0.58434     0.11687 
    27.374378     0.64296     0.12859 
    27.609976     0.58789     0.11758 
    27.847474     0.62159     0.12432 
    28.068339     0.69585     0.13647 
    28.286419     0.62714     0.12543 
    28.542398     0.48460     0.09692 
    28.782969     0.71449     0.14290 
    28.991217     0.61539     0.12308 
    29.201668     0.68857     0.13771 
    29.400452     0.67773     0.13555 
    29.593131     0.72414     0.14483 
    29.748323     1.07248     0.21450 
    29.897197     0.76912     0.15382 
    30.113559     0.50880     0.10176 
    30.326052     0.79374     0.15875 
    30.530257     0.53608     0.10722 
    30.741784     0.74804     0.14670 
    30.900930     0.93071     0.18614 
    31.041866     0.89307     0.17861 
    31.218820     0.60580     0.12116 
    31.393530     0.91157     0.18231 
    31.582589     0.52694     0.10539 
    31.760959     1.06474     0.21295 
    31.927476     0.57863     0.11573 
    32.131125     0.64522     0.12904 
    32.308735     0.75416     0.15083 
    32.479083     0.69056     0.13811 
    32.647368     0.76568     0.15314 
    32.791997     0.93275     0.18655 
    32.935258     0.77225     0.15445 
    33.096974     0.74870     0.14683 
    33.289384     0.54871     0.10974 
    33.473471     0.79062     0.15812 
    33.615089     0.89071     0.17814 
    33.770430     0.66269     0.13254 
    33.946599     0.67152     0.13430 
    34.112944     0.73754     0.14751 
    34.307176     0.50355     0.10071 
    34.516250     0.61373     0.12275 
    34.703481     0.61432     0.12286 
    34.897331     0.56706     0.11341 
    35.076600     0.72036     0.14407 
    35.224066     0.82174     0.16435 
    35.373427     0.72542     0.14227 
    35.553317     0.56374     0.11275 
    35.739739     0.63863     0.12773 
    35.888015     0.90708     0.18142 
    36.038724     0.61613     0.12323 
    36.205903     0.70824     0.14165 
    36.353605     0.78047     0.15609 
    36.497511     0.73871     0.14774 
    36.630636     0.91531     0.18306 
    36.783666     0.57724     0.11545 
    36.935283     0.92992     0.18598 
    37.069853     0.70018     0.14004 
    37.229980     0.64012     0.12802 
    37.362160     1.13709     0.22300 
    37.483706     0.72860     0.14572 
    37.639315     0.63862     0.12772 
    37.809366     0.60282     0.12056 
    37.963983     0.77828     0.15566 
    38.132693     0.51462     0.10292 
    38.321479     0.59393     0.11879 
    38.487839     0.65470     0.13094 
    38.651207     0.60974     0.12195 
    38.813514     0.65805     0.13161 
    38.957207     0.77607     0.15521 
    39.097653     0.68169     0.13634 
    39.239347     0.75615     0.15123 
    39.364450     0.87057     0.17411 
