#  rad density density_err 
     0.015165   154.33415   100.23190 
     0.025814   185.55046   186.77672 
     0.032497   166.13534   130.74381 
     0.040818   143.37124    74.29014 
     0.041865   143.37124    74.29014 
     0.051386   107.76110     7.50365 
     0.064692    75.93850    36.92413 
     0.075657    73.19173    40.28771 
     0.081442    63.16290    51.94612 
     0.102529    62.01004    50.99799 
     0.104918    71.19706    40.34815 
     0.129077    78.06602    29.43489 
     0.146167    86.38971    17.11519 
     0.162498    76.64115    28.89764 
     0.202698    93.85600     2.60145 
     0.204573    85.59769    12.02414 
     0.257542   101.03272    18.55157 
     0.281740   109.76453    38.03829 
     0.323481    92.14293    11.62852 
     0.391605    92.14293    18.25499 
     0.407238    80.99571     1.12073 
     0.512683    84.81292    14.34872 
     0.544313    83.26491    12.88933 
     0.645429    59.21913    16.95933 
     0.756569    63.16290     3.51274 
     0.812547    51.10484    15.39890 
     1.051596    52.05495    14.13354 
     1.287801    24.68664     0.34159 
     1.461668    13.44194     1.31483 
     1.931963    14.08043     4.45262 
     2.008746     8.33501     2.63576 
     2.092193    10.58943     3.34867 
     2.188341     6.03762     1.90926 
     2.275302    14.39168     4.33925 
     2.349170     7.18657     2.27259 
     2.437828     7.86159     2.48605 
     2.533096     5.84510     1.84838 
     2.664720     3.83467     1.21263 
     2.850665     2.58314     0.81686 
     3.012724     4.89224     1.54706 
     3.137036     3.60736     1.14075 
     3.298195     2.65608     0.83993 
     3.485332     2.37099     0.74977 
     3.727755     1.46089     0.46197 
     4.003844     1.52929     0.48360 
     4.308005     1.06041     0.33533 
     4.763224     0.59449     0.18800 
     5.403262     0.41022     0.12972 
     6.005732     0.54426     0.17211 
     6.530651     0.43292     0.13690 
     7.025634     0.53048     0.16775 
     7.702929     0.24503     0.07388 
     8.623477     0.20203     0.06389 
     9.359958     0.30395     0.09612 
    10.008302     0.21569     0.06821 
    10.661179     0.26260     0.08304 
    11.262600     0.22277     0.07044 
    12.031796     0.14632     0.04627 
    12.853961     0.16726     0.05289 
    13.516423     0.20141     0.06369 
    14.144782     0.16742     0.05294 
    14.739116     0.20903     0.06610 
    15.230462     0.22419     0.07090 
    15.793437     0.15272     0.04830 
    16.493555     0.13033     0.04121 
    17.044990     0.25760     0.08146 
    17.362540     0.33623     0.10633 
    17.810197     0.14351     0.04538 
    18.269756     0.29387     0.09293 
    18.683992     0.16011     0.05063 
    19.208944     0.17599     0.05306 
    19.722363     0.15855     0.05014 
    20.242437     0.14802     0.04681 
    20.762149     0.15082     0.04769 
    21.174326     0.23778     0.07519 
    21.548508     0.17087     0.05403 
    21.927793     0.22243     0.07034 
    22.247598     0.22834     0.07221 
    22.777645     0.09356     0.02959 
    23.280481     0.26408     0.08351 
    23.611230     0.16742     0.05294 
    23.948293     0.24477     0.07740 
    24.342518     0.12648     0.04000 
    24.782517     0.17689     0.05594 
    25.192014     0.13856     0.04382 
    25.531427     0.27968     0.08844 
    25.823869     0.17025     0.05384 
    26.193468     0.16108     0.05094 
    26.584987     0.16227     0.04893 
    26.980750     0.15294     0.04836 
    27.323935     0.19372     0.06126 
    27.626731     0.18894     0.05975 
    28.033332     0.11169     0.03532 
    28.423209     0.20627     0.06523 
    28.663311     0.26600     0.08412 
    28.980150     0.12924     0.04087 
    29.326966     0.20197     0.06387 
    29.661832     0.13380     0.04231 
    29.910325     0.55454     0.17536 
    30.158224     0.13199     0.04174 
    30.469454     0.23464     0.07420 
    30.751505     0.15156     0.04793 
    31.054873     0.19321     0.06110 
    31.283291     0.26555     0.08397 
    31.467633     0.28559     0.09031 
    31.697735     0.17735     0.05608 
    31.936858     0.28092     0.08470 
    32.147403     0.21910     0.06929 
    32.363783     0.23779     0.07520 
    32.630668     0.14917     0.04717 
    32.888015     0.25778     0.08152 
    33.089201     0.22408     0.07086 
    33.272276     0.31573     0.09984 
    33.429599     0.29182     0.09228 
    33.620446     0.21660     0.06850 
    33.827199     0.24134     0.07632 
    33.986907     0.37624     0.11898 
    34.137083     0.26507     0.08382 
    34.383211     0.14631     0.04627 
    34.712144     0.13426     0.04246 
    34.962234     0.28687     0.09072 
    35.180420     0.16292     0.05152 
    35.442966     0.18150     0.05740 
    35.664614     0.22781     0.07204 
    35.897003     0.16489     0.05214 
