#  rad density density_err 
     0.005331 16015.66166   666.93517 
     0.008992 16015.66166   890.69347 
     0.011012 15868.82919   660.82067 
     0.013485 15579.19041   431.81491 
     0.016514 15579.19041   648.75934 
     0.020177 15294.83814   423.93340 
     0.021719 13321.24714  2253.70011 
     0.024652 15154.61422   420.04675 
     0.030189 14741.60891   408.59931 
     0.036800 14078.12722   390.20932 
     0.043436 11927.37532  1846.34633 
     0.044962 13321.24714   184.32495 
     0.054431 11495.95051   962.19874 
     0.054809 12261.53622   169.66182 
     0.056474 11182.65394  1252.25618 
     0.063511 10581.44272  1035.02507 
     0.065290 10388.30963  1163.30390 
     0.066965 11080.13075   153.31481 
     0.072920  9739.68442   952.68838 
     0.082007  9650.39046   133.53162 
     0.085084  8720.57026   853.00361 
     0.090960  8101.11664  1022.36771 
     0.099965  7456.66935   941.03792 
     0.100196  8101.11664   112.09445 
     0.108605  6615.22904  1214.68472 
     0.108855  6738.21533  1043.06931 
     0.118536  6145.32542   951.29052 
     0.122419  6554.58026   181.67603 
     0.127599  5708.80075   801.93109 
     0.136411  5206.48816   805.95941 
     0.145495  4704.84029   863.90019 
     0.149571  5018.16440   139.09055 
     0.152352  4251.52645  1091.39630 
     0.164002  4022.95232   738.69229 
     0.182746  3841.88964    53.15990 
     0.190919  3315.46834   418.41488 
     0.195816  3108.45715   525.89147 
     0.199457  2996.02122   550.12777 
     0.218197  2861.17806    79.30446 
     0.223279  2861.17806    79.30446 
     0.239248  2150.52693   488.78914 
     0.245385  2358.00589    65.35783 
     0.272803  1943.32253    80.92517 
     0.277875  1661.67041   377.67788 
     0.282390  1661.67041   305.11501 
     0.300503  1616.38527    67.31062 
     0.326474  1307.81070   165.04681 
     0.327227  1369.44592    57.02741 
     0.333310  1382.11724    38.30872 
     0.354690  1214.91218    16.81063 
     0.369699  1087.78956    30.15072 
     0.407238  1001.25543   140.64913 
     0.409118   973.96844   122.91563 
     0.412904   880.12607    12.17823 
     0.456929   752.56651    52.40290 
     0.491868   655.45803    64.11370 
     0.497564   631.74947    52.87675 
     0.543061   603.31606   190.84396 
     0.573917   488.14055    82.58404 
     0.607923   409.77446    40.08214 
     0.654408   337.71075    23.51556 
     0.655917   350.38450    44.21882 
     0.735951   294.13377    79.86085 
     0.744473   260.94254    32.93117 
     0.818180   270.73530   149.02375 
     0.901257   196.13039    79.99287 
     0.909596   173.99825    42.10167 
     0.974650   155.79190    51.62936 
     0.983668   155.79190    56.35948 
     1.111345    84.05139    10.60736 
     1.145114    86.40620     2.39496 
     1.354718    61.45325     8.63251 
     1.357840    46.18967    13.22792 
     1.392672    52.06488     1.44310 
     1.425111    64.94488    29.52673 
     1.636247    41.35661    11.84381 
     1.659009    28.08956     7.21078 
     1.737196    29.14371     0.40326 
     1.882993    24.24068     0.33542 
     1.935748    16.77046     7.62457 
     2.690828     7.18714     0.73739 
     3.645443     3.71754     0.37942 
     4.786038     2.73809     0.28092 
     6.055568     1.80239     0.18492 
     7.467472     1.40752     0.14441 
     8.792343     1.43470     0.14643 
    10.012996     1.22757     0.12595 
    11.172582     1.24258     0.12749 
    12.225682     1.21592     0.12475 
    13.212879     1.20796     0.12329 
    14.098757     1.31670     0.13509 
    14.916172     1.23561     0.12677 
    15.765853     1.10251     0.11252 
    16.679413     0.95610     0.09809 
    17.528418     1.15027     0.11802 
    18.291023     1.06617     0.10939 
    19.092839     0.96611     0.09860 
    19.884317     1.00761     0.10338 
    20.603946     1.07188     0.10997 
    21.292526     1.02534     0.10520 
    21.974017     1.03711     0.10585 
    22.631260     1.03733     0.10643 
    23.251400     1.09063     0.11190 
    23.878713     0.96172     0.09867 
    24.534287     0.95404     0.09737 
    25.164417     0.98903     0.10147 
    25.797916     0.88868     0.09118 
    26.392991     1.09092     0.11134 
    26.966733     0.90897     0.09326 
    27.567286     0.93871     0.09631 
    28.070975     1.27303     0.13061 
    28.517991     1.13768     0.11611 
    28.975678     1.17406     0.12046 
    29.412529     1.19756     0.12287 
    29.891040     0.95843     0.09833 
    30.386646     1.08496     0.11073 
    30.858665     1.01950     0.10460 
    31.285806     1.29327     0.13269 
    31.705903     1.02222     0.10488 
    32.138398     1.19305     0.12176 
    32.554019     1.07323     0.11011 
    33.004804     0.97717     0.10026 
    33.445052     1.10967     0.11326 
    33.832160     1.23273     0.12648 
    34.218922     1.07508     0.11030 
    34.627265     1.07630     0.11043 
    35.032788     1.07592     0.10981 
    35.461227     0.94430     0.09688 
    35.936108     0.84445     0.08664 
    36.370569     1.12148     0.11506 
    36.758662     1.02503     0.10462 
    37.138459     1.14976     0.11796 
    37.510893     1.03147     0.10583 
    37.924351     0.91412     0.09379 
    38.311308     1.18069     0.12050 
    38.684660     0.95578     0.09806 
    39.062192     1.11826     0.11473 
    39.408033     1.12201     0.11451 
    39.767899     1.01608     0.10425 
    40.163103     0.90446     0.09280 
    40.569545     0.93956     0.09640 
    40.974139     0.90392     0.09226 
    41.387164     0.88344     0.09064 
    41.771578     1.01873     0.10452 
    42.083809     1.33482     0.13695 
    42.375898     1.14455     0.11681 
    42.704891     1.03232     0.10591 
    43.082080     0.85304     0.08752 
    43.486633     0.87426     0.08970 
    43.853157     1.03892     0.10603 
    44.198905     0.96054     0.09855 
    44.579579     0.83700     0.08587 
    44.974029     0.88542     0.09037 
    45.326267     1.03987     0.10669 
    45.664388     0.93150     0.09557 
    45.987452     1.13110     0.11605 
    46.305197     0.95691     0.09766 
    46.666151     0.85921     0.08815 
    47.007992     1.04908     0.10763 
    47.345496     0.86682     0.08893 
    47.705464     0.91111     0.09299 
    48.049351     0.93582     0.09601 
    48.385677     0.92891     0.09530 
    48.732845     0.86679     0.08893 
    49.052794     1.10469     0.11275 
    49.359727     0.92290     0.09469 
    49.680092     0.98549     0.10111 
    50.003163     0.90584     0.09245 
    50.346349     0.86037     0.08827 
    50.669338     1.00496     0.10311 
    50.978084     0.92522     0.09493 
    51.305628     0.89023     0.09086 
    51.647418     0.83868     0.08605 
    51.976629     0.94030     0.09647 
    52.267724     1.06029     0.10878 
    52.557811     0.94586     0.09654 
    52.873416     0.88297     0.09059 
    53.212940     0.79996     0.08207 
    53.533487     0.98785     0.10135 
    53.840260     0.86614     0.08840 
    54.125516     1.15018     0.11801 
    54.409984     0.85224     0.08744 
    54.745641     0.80837     0.08250 
    55.080471     0.84616     0.08681 
    55.380871     0.98779     0.10135 
    55.676009     0.86517     0.08876 
    56.004455     0.79537     0.08118 
    56.330386     0.86904     0.08916 
    56.627888     0.93310     0.09573 
    56.937655     0.79651     0.08172 
    57.235416     1.01836     0.10394 
    57.505395     0.94638     0.09710 
    57.782291     0.94817     0.09728 
    58.082941     0.80015     0.08209 
    58.381860     0.96036     0.09802 
    58.666197     0.87021     0.08928 
    58.954886     0.91198     0.09357 
    59.223426     1.00830     0.10291 
    59.472614     1.04833     0.10756 
    59.756001     0.78030     0.08006 
    60.043279     1.00608     0.10322 
    60.328488     0.79113     0.08074 
    60.657355     0.73833     0.07575 
    60.954304     0.96784     0.09930 
    61.234291     0.81308     0.08342 
    61.526510     0.88450     0.09027 
    61.816846     0.81553     0.08367 
    62.112676     0.83437     0.08560 
    62.391501     0.91137     0.09350 
    62.666543     0.85795     0.08756 
    62.947207     0.86667     0.08892 
    63.230304     0.82728     0.08488 
    63.510965     0.88355     0.09018 
    63.796099     0.79533     0.08160 
    64.086218     0.83588     0.08576 
    64.373161     0.80538     0.08263 
    64.645379     0.93492     0.09542 
    64.898305     0.92067     0.09446 
    65.126717     1.13930     0.11689 
    65.368716     0.82540     0.08468 
    65.638908     0.89473     0.09132 
    65.906523     0.83400     0.08557 
    66.177937     0.85328     0.08754 
    66.456873     0.78421     0.08046 
    66.729244     0.89924     0.09178 
    66.973383     0.96621     0.09913 
    67.202982     0.99752     0.10234 
    67.486939     0.66127     0.06749 
    67.789475     0.84902     0.08711 
    68.047528     0.87683     0.08996 
    68.297759     0.89606     0.09193 
    68.564517     0.77791     0.07940 
    68.841197     0.82290     0.08443 
    69.103206     0.85097     0.08731 
    69.330986     1.09896     0.11275 
    69.574974     0.75847     0.07741 
    69.855969     0.79441     0.08150 
    70.125584     0.80820     0.08292 
    70.386315     0.84343     0.08653 
    70.658532     0.74629     0.07617 
    70.946754     0.74335     0.07627 
    71.228525     0.76674     0.07867 
    71.495195     0.83318     0.08504 
    71.748205     0.84453     0.08665 
    71.999487     0.82991     0.08515 
    72.262324     0.76745     0.07874 
    72.528016     0.81416     0.08310 
    72.775324     0.88081     0.09037 
    73.021144     0.80956     0.08306 
    73.275545     0.81546     0.08366 
    73.538212     0.76302     0.07788 
    73.809741     0.75657     0.07762 
    74.040710     1.06814     0.10959 
    74.266570     0.78141     0.08017 
    74.511343     0.89540     0.09139 
    74.752175     0.80056     0.08214 
    75.002587     0.81230     0.08334 
    75.267292     0.72178     0.07367 
    75.528684     0.82877     0.08503 
    75.764327     0.86864     0.08912 
    76.015892     0.72755     0.07464 
    76.268313     0.86552     0.08834 
    76.507962     0.79738     0.08181 
    76.740752     0.90486     0.09284 
    76.961772     0.87586     0.08986 
    77.188578     0.86321     0.08810 
    77.448210     0.67329     0.06908 
    77.720887     0.76170     0.07815 
    77.976994     0.75503     0.07746 
    78.199589     1.03719     0.10586 
    78.402046     0.89061     0.09137 
    78.623632     0.84852     0.08706 
    78.857747     0.80197     0.08185 
    79.108629     0.73463     0.07537 
    79.358909     0.79255     0.08131 
    79.598899     0.79282     0.08134 
    79.834533     0.82605     0.08431 
    80.075874     0.75226     0.07718 
    80.338255     0.68746     0.07053 
    80.600970     0.74538     0.07647 
    80.842426     0.81730     0.08341 
    81.076462     0.78744     0.08079 
    81.312773     0.78860     0.08091 
    81.540815     0.84172     0.08636 
    81.771517     0.77495     0.07909 
    82.039123     0.62665     0.06429 
    82.296818     0.83023     0.08518 
    82.515505     0.85691     0.08746 
    82.751105     0.71619     0.07348 
    82.996293     0.77435     0.07945 
    83.230708     0.77776     0.07980 
    83.488542     0.64873     0.06621 
    83.749438     0.75320     0.07728 
    83.988845     0.75283     0.07724 
    84.204365     0.93563     0.09599 
    84.428269     0.70720     0.07218 
    84.671786     0.77256     0.07926 
    84.898938     0.79802     0.08188 
    85.132587     0.72748     0.07464 
    85.365999     0.80372     0.08203 
    85.593161     0.76261     0.07824 
    85.812167     0.85375     0.08759 
    86.040479     0.70961     0.07242 
    86.293013     0.68759     0.07055 
    86.532468     0.77973     0.08000 
    86.756046     0.78128     0.08016 
    86.975229     0.81594     0.08328 
    87.203633     0.71792     0.07366 
    87.438694     0.75638     0.07760 
    87.668462     0.74685     0.07663 
    87.894265     0.78769     0.08039 
    88.129685     0.68582     0.07036 
    88.342238     0.97827     0.10037 
    88.541201     0.76585     0.07857 
    88.761826     0.78861     0.08049 
    88.965215     0.90158     0.09250 
    89.169170     0.77283     0.07929 
    89.404021     0.68278     0.06969 
    89.652776     0.68219     0.06999 
    89.905644     0.65052     0.06674 
    90.129810     0.88380     0.09068 
    90.338998     0.73996     0.07552 
    90.548462     0.87715     0.08999 
    90.755802     0.74270     0.07620 
    90.976972     0.76227     0.07821 
    91.198727     0.74299     0.07583 
    91.418825     0.77030     0.07903 
    91.638184     0.73655     0.07557 
    91.853661     0.79541     0.08161 
    92.070329     0.73302     0.07481 
    92.291226     0.76055     0.07803 
    92.507052     0.75582     0.07755 
    92.719567     0.78927     0.08055 
    92.932059     0.75253     0.07721 
    93.146515     0.76310     0.07829 
    93.356081     0.78461     0.08050 
    93.561788     0.79661     0.08130 
    93.787695     0.65316     0.06701 
    94.027779     0.68910     0.07070 
    94.270500     0.63622     0.06527 
    94.495033     0.82088     0.08378 
    94.693461     0.79881     0.08196 
    94.919101     0.63363     0.06501 
    95.155019     0.72080     0.07395 
    95.367712     0.78173     0.07978 
    95.548451     1.01090     0.10372 
    95.717855     0.86663     0.08891 
    95.917536     0.73375     0.07489 
    96.132654     0.73790     0.07571 
    96.347253     0.72635     0.07452 
    96.552879     0.80224     0.08231 
    96.762627     0.70398     0.07185 
    96.963009     0.88363     0.09066 
    97.152575     0.76792     0.07879 
    97.383587     0.59862     0.06142 
    97.616227     0.76010     0.07758 
    97.811546     0.83684     0.08586 
    98.019993     0.66438     0.06816 
    98.234182     0.78447     0.08048 
