#  rad density density_err 
     0.007326  3290.10660  2589.22073 
     0.012327  2736.59148  1330.63284 
     0.014992  3413.57909  3179.70239 
     0.018317  2813.26064  1686.61807 
     0.022483  2711.50226  1581.00022 
     0.027469  2736.59148  1823.34014 
     0.033485  2495.80109  1496.29336 
     0.041006  2405.52553  1602.75704 
     0.049986  2662.01176  2781.61707 
     0.061214  2276.19765  2205.17656 
     0.074619  1791.47177  1473.33331 
     0.091379  1309.81503   763.71607 
     0.111647   571.75500   215.58091 
     0.136411   384.77777   249.89289 
     0.166667   332.05496   140.58297 
     0.203633   370.85998    68.09711 
     0.248799   341.35791   187.89731 
     0.303983   207.59169    47.18312 
     0.371406   171.08423    69.77765 
     0.453784    78.92416    23.78141 
     0.554433    76.77326    11.88443 
     0.592719    66.86671     6.54058 
     0.677406    60.98317    17.46451 
     0.827654    58.23847    44.80953 
     1.011227    31.42027     8.06580 
     1.185356    18.24778     3.35065 
     1.238365    24.05526     8.33622 
     1.545698    17.50642     3.00233 
     1.761591    13.25147     2.27261 
     2.014071    10.12532     1.71149 
     2.254231    11.58726     1.98720 
     2.487992     8.35377     1.43266 
     2.717545    10.01875     1.71820 
     2.940953     7.41727     1.27205 
     3.183361     7.17997     1.23135 
     3.436750     5.83102     1.00001 
     3.661059     8.27621     1.41936 
     3.854393     6.74713     1.15712 
     4.077096     5.75689     0.97309 
     4.301298     5.96019     1.02216 
     4.495103     6.81919     1.16948 
     4.673511     6.42243     1.10144 
     4.867840     5.33483     0.91492 
     5.062104     5.93363     1.01761 
     5.260413     4.75221     0.81500 
     5.443825     6.61091     1.13376 
     5.611448     5.21577     0.89450 
     5.775413     6.74275     1.13973 
     5.919692     6.28199     1.07735 
     6.063494     6.28074     1.07714 
     6.206967     6.01838     1.03214 
     6.361706     5.16707     0.88615 
     6.511694     6.13941     1.05290 
     6.637576     7.00338     1.20107 
     6.773165     5.16200     0.88528 
     6.904512     7.26193     1.24541 
     7.029865     5.54959     0.93805 
     7.163982     6.02108     1.03261 
     7.302037     4.91880     0.84357 
     7.444183     5.43965     0.93289 
     7.576358     5.46391     0.93705 
     7.697759     6.27174     1.07559 
     7.816742     5.49935     0.94313 
     7.939285     5.71782     0.98060 
     8.058773     5.60622     0.96146 
     8.183175     5.27565     0.89175 
     8.293315     7.15046     1.22629 
     8.418732     4.02777     0.69076 
     8.559869     5.15252     0.88365 
     8.678904     5.40392     0.92676 
     8.785510     6.29570     1.07970 
     8.889162     5.56086     0.95368 
     8.995760     5.79922     0.99456 
     9.097644     5.94561     1.01966 
     9.197932     6.02390     1.01822 
     9.293454     6.43318     1.10328 
     9.385722     6.13176     1.05159 
     9.480659     5.95496     1.02127 
     9.581929     5.29310     0.90776 
     9.691876     4.93225     0.84587 
     9.799267     5.43602     0.93227 
     9.901591     5.30266     0.90940 
     9.991404     7.07375     1.21314 
    10.070208     6.82527     1.15368 
    10.149571     6.86341     1.17707 
    10.231904     6.07992     1.04270 
    10.325862     5.19219     0.89045 
    10.436404     4.31525     0.74006 
    10.533923     6.86020     1.17651 
    10.624393     4.80224     0.82358 
    10.716888     6.39724     1.09712 
    10.808740     4.91868     0.83141 
    10.928533     3.67301     0.62992 
    11.048270     4.67943     0.80251 
    11.152565     4.66893     0.80071 
    11.242726     6.29989     1.08042 
    11.356491     3.15289     0.54072 
    11.489881     4.07220     0.69838 
    11.586147     6.07500     1.04185 
    11.664016     5.88320     1.00896 
    11.740652     6.37577     1.07770 
    11.819666     5.47547     0.93903 
    11.900824     5.77737     0.99081 
    11.980689     5.57420     0.95597 
    12.067166     4.87814     0.83659 
    12.147029     6.57064     1.12685 
    12.238410     3.84604     0.65959 
    12.331853     6.10104     1.04632 
    12.400147     6.74848     1.15736 
    12.476879     5.02774     0.84984 
    12.566587     4.75190     0.81494 
    12.641662     7.19034     1.23313 
    12.718052     4.56289     0.78253 
    12.803276     5.47465     0.93889 
    12.887780     4.57345     0.78434 
    12.959821     7.98759     1.36986 
    13.025257     5.28559     0.90647 
    13.106678     4.90094     0.84050 
    13.187227     5.49613     0.92902 
    13.260345     5.88175     1.00871 
    13.331816     5.51774     0.94628 
    13.408472     5.06033     0.86784 
    13.483870     5.64884     0.96877 
    13.559065     5.02971     0.86259 
    13.637472     5.12207     0.87843 
    13.710566     5.74323     0.98496 
    13.786651     4.70347     0.80664 
    13.873874     4.41225     0.74581 
    13.950212     6.28905     1.07856 
    14.012468     6.14608     1.05404 
    14.092908     3.91615     0.67161 
    14.169788     6.85477     1.17558 
    14.227728     6.32110     1.08406 
    14.283411     7.39982     1.26906 
    14.345050     5.23329     0.89750 
    14.418300     5.04322     0.86491 
    14.476592     9.12546     1.54248 
    14.526551     6.45005     1.10617 
    14.584443     6.39367     1.09651 
    14.639651     7.05600     1.21009 
    14.703081     4.94181     0.84751 
    14.776007     5.13067     0.87990 
    14.840486     6.33268     1.08605 
    14.893469     7.50869     1.28773 
    14.943231     7.08174     1.21451 
    15.002363     5.53105     0.93492 
    15.062194     6.83908     1.17289 
    15.119563     5.75335     0.98669 
    15.180557     5.96280     1.02261 
    15.243351     5.39433     0.92512 
    15.311730     4.98112     0.85426 
    15.371638     7.20405     1.23548 
    15.432355     4.83188     0.82866 
    15.493245     7.09710     1.21714 
    15.547087     6.12775     1.03578 
    15.608222     5.43416     0.93195 
    15.674527     5.01695     0.86040 
    15.739278     5.66508     0.97155 
    15.800643     5.52007     0.94668 
    15.861183     5.77862     0.99102 
    15.921133     5.58454     0.95774 
    15.978060     6.39068     1.09599 
    16.031026     6.37634     1.09353 
    16.091402     5.10474     0.86286 
    16.148873     7.11019     1.21939 
    16.198910     6.30919     1.08202 
    16.259418     4.88925     0.83850 
    16.317273     6.96120     1.19384 
    16.373812     5.05027     0.86611 
    16.431758     6.52718     1.11940 
    16.482962     6.31897     1.08369 
    16.539994     5.42234     0.91654 
    16.601437     5.36317     0.91978 
    16.656429     6.60205     1.13224 
    16.698926     9.05517     1.55295 
    16.744071     5.92955     1.01691 
    16.794005     7.10244     1.21806 
    16.841076     6.58769     1.12978 
    16.892307     5.96687     1.02331 
    16.951132     4.99079     0.85591 
    17.005381     7.35532     1.24328 
    17.052861     6.29290     1.07922 
    17.104302     6.03112     1.03433 
    17.158637     5.61016     0.96213 
    17.215044     5.55353     0.95242 
    17.265888     6.95100     1.19209 
    17.311753     6.70169     1.14933 
    17.362072     5.77214     0.98991 
    17.416698     5.62281     0.96430 
    17.475238     5.15598     0.87152 
    17.529659     6.56517     1.12592 
    17.571010     8.63074     1.48016 
    17.621521     4.69982     0.80601 
    17.676377     6.89913     1.18319 
    17.725889     5.58576     0.95795 
    17.777308     6.31712     1.08338 
    17.828502     5.59974     0.96035 
    17.878392     6.64069     1.13887 
    17.928821     5.62045     0.95003 
    17.989726     4.52113     0.77537 
    18.052877     5.01498     0.86006 
    18.101568     7.94811     1.36309 
    18.145921     5.83641     1.00094 
    18.206329     4.26297     0.73109 
    18.269461     5.23838     0.89837 
    18.315732     8.20692     1.40747 
    18.357388     6.23015     1.06846 
    18.406460     5.95390     1.00639 
    18.459894     5.23101     0.89711 
    18.518013     4.85407     0.83247 
    18.571907     6.12280     1.05005 
    18.619730     6.04717     1.03708 
    18.671778     5.17184     0.88696 
    18.722418     6.38815     1.09556 
    18.778152     4.35145     0.74627 
    18.831140     7.22869     1.23971 
    18.872457     6.88293     1.16343 
    18.916227     6.40601     1.09862 
    18.961548     6.20576     1.06428 
    19.012562     5.07860     0.87097 
    19.064292     5.98599     1.02659 
    19.107581     7.23195     1.24027 
    19.149610     6.29375     1.07937 
    19.201554     4.77727     0.81930 
    19.250723     7.14399     1.22518 
    19.287373     8.50623     1.43781 
    19.331966     5.06781     0.86912 
    19.382167     6.18120     1.06007 
    19.428113     5.96106     1.02231 
    19.472769     6.52490     1.11901 
    19.524566     4.54317     0.77915 
    19.580284     5.48000     0.93981 
    19.626065     6.70333     1.14961 
    19.669038     6.13886     1.05281 
