#  rad density density_err 
     0.030680   558.37523    70.46742 
     0.041865   736.08191   232.84112 
     0.055443   563.54181    47.16785 
     0.075657   677.52628   163.93835 
     0.077241   481.86585   137.99797 
     0.104918   653.01949   158.00854 
     0.107115   568.75620    23.68454 
     0.146167   590.10072   134.12286 
     0.148884   499.94951    13.85731 
     0.202698   558.37523   201.99855 
     0.206942   653.01949   424.10176 
     0.281740   400.79855    73.59441 
     0.287640   419.68761   126.46018 
     0.391605   327.28503   128.43173 
     0.399805   228.52102    32.10098 
     0.544313   168.62662     2.33327 
     0.555711   168.62662     9.37798 
     0.600964   109.37703    48.01301 
     0.756569    82.21028    22.32108 
     0.772412    71.60216    31.43106 
     1.051596    66.51600    27.12892 
     1.073615    69.65081    38.33864 
     1.201846    36.89149     2.56884 
     1.461668    23.70970     0.98734 
     1.488842    27.22238     6.58689 
     2.093979    12.33706     2.83032 
     2.246858     7.13205     1.63620 
     2.406532     9.61839     2.20661 
     2.557897     6.86966     1.57601 
     2.733451     6.17966     1.41771 
     2.967210     3.53250     0.81041 
     3.180045     6.93224     1.59036 
     3.337238     5.11319     1.17305 
     3.542086     3.86545     0.86434 
     3.762271     3.86631     0.88699 
     4.004871     2.72279     0.62465 
     4.259021     3.07381     0.70518 
     4.538970     2.02552     0.46469 
     4.806863     3.04093     0.69764 
     5.059695     2.00025     0.45889 
     5.327331     2.40029     0.55066 
     5.593831     1.82312     0.41825 
     5.880208     1.86165     0.42709 
     6.196061     1.37296     0.31498 
     6.493046     1.95268     0.44798 
     6.731254     1.88825     0.43319 
     6.960098     1.97688     0.45353 
     7.223213     1.43798     0.32154 
     7.448323     2.82400     0.64787 
     7.640814     1.64068     0.37640 
     7.898877     1.39259     0.31948 
     8.156348     1.54456     0.35435 
     8.387787     1.61780     0.37115 
     8.617518     1.48301     0.34023 
     8.844428     1.57414     0.36113 
     9.074977     1.36621     0.31343 
     9.256873     2.72467     0.62508 
     9.394717     2.06606     0.47399 
     9.569803     1.62561     0.37294 
     9.740971     2.09818     0.48136 
     9.906194     1.67272     0.38375 
    10.083871     1.82610     0.40833 
    10.227918     2.56573     0.58862 
    10.369207     1.74267     0.39980 
    10.522977     2.04975     0.47025 
    10.642837     2.85487     0.65495 
    10.769352     1.82920     0.41965 
    10.944004     1.41121     0.32375 
    11.149243     1.26338     0.28984 
    11.324179     1.97524     0.45315 
    11.461327     1.89669     0.43513 
    11.592540     2.11523     0.48527 
    11.728155     1.74320     0.39992 
    11.852821     2.51543     0.57708 
    11.944058     3.12372     0.71663 
    12.074680     1.46296     0.32713 
    12.201570     3.36793     0.77266 
    12.311453     1.68027     0.38548 
    12.445994     1.97689     0.45353 
    12.597795     1.32838     0.30475 
    12.745820     2.05675     0.47185 
    12.864922     1.91332     0.43895 
    12.981309     2.11916     0.48617 
    13.093548     2.01607     0.46252 
    13.201117     2.27738     0.52247 
    13.311968     1.87551     0.43027 
    13.465589     1.20656     0.27680 
    13.586125     4.05063     0.92928 
    13.659688     2.40162     0.55097 
    13.768389     1.84622     0.41283 
    13.894442     1.71525     0.39351 
    14.019774     1.74252     0.39976 
    14.134867     2.01058     0.46126 
    14.233986     2.31337     0.53072 
    14.325503     2.31457     0.53100 
    14.407402     2.89108     0.66326 
    14.499558     1.86685     0.42829 
    14.605530     2.06568     0.47390 
    14.710201     1.88397     0.43221 
    14.844626     1.27527     0.29257 
    14.966506     2.40468     0.55167 
    15.042072     2.99559     0.68723 
    15.128877     1.87679     0.43057 
    15.221682     2.64337     0.59108 
    15.301132     2.47685     0.56823 
    15.369252     3.48539     0.79960 
    15.468440     1.37742     0.31600 
    15.595625     1.72440     0.39560 
    15.710176     1.64998     0.37853 
    15.791484     4.16652     0.95587 
    15.873305     1.61881     0.37138 
    15.980455     1.95852     0.44932 
    16.083112     1.72978     0.39684 
    16.188121     1.84363     0.42296 
    16.290255     1.80316     0.41367 
    16.369119     3.37219     0.77363 
    16.437186     2.26136     0.51879 
    16.516624     2.48601     0.55589 
    16.602486     1.93350     0.44358 
    16.701087     1.75786     0.40328 
    16.786478     2.65776     0.60973 
    16.858060     2.37944     0.54588 
    16.968376     1.22697     0.28149 
    17.082266     2.14481     0.49205 
    17.164621     2.14392     0.49185 
    17.236550     2.84411     0.65248 
    17.310720     2.01587     0.46247 
    17.395963     2.07359     0.47571 
    17.498282     1.43049     0.32818 
    17.603842     1.90203     0.43636 
    17.677641     2.98614     0.68507 
    17.765229     1.51983     0.33984 
    17.872251     1.75969     0.40370 
    17.979227     1.42777     0.32755 
    18.067311     2.86752     0.65785 
    18.141732     1.84234     0.42266 
    18.231312     1.87027     0.42907 
    18.314510     2.12468     0.48743 
    18.378925     3.21873     0.73843 
    18.441495     2.21516     0.50819 
    18.510633     2.54258     0.58331 
    18.582831     2.03038     0.46580 
    18.662282     2.05746     0.47201 
    18.749955     1.66968     0.38305 
    18.843784     1.76218     0.40427 
    18.931018     2.01608     0.45081 
    19.018218     1.74726     0.40085 
    19.111007     1.67307     0.38383 
    19.216340     1.35551     0.31097 
    19.318872     1.75930     0.40361 
    19.405444     1.85132     0.42472 
    19.510526     1.23016     0.28222 
    19.622120     1.58555     0.36375 
    19.708181     2.04781     0.46980 
    19.808140     1.22140     0.28021 
    19.898406     2.73600     0.62768 
    19.964565     1.97291     0.45262 
    20.045740     1.76276     0.40440 
    20.154080     1.14445     0.26256 
    20.257482     2.07571     0.46414 
    20.353140     1.28507     0.29482 
    20.443182     2.29445     0.52638 
    20.510580     2.09633     0.48093 
    20.586103     1.81987     0.41751 
    20.663956     1.95144     0.44769 
    20.739806     1.90073     0.43606 
    20.817609     1.84112     0.42238 
    20.912158     1.31217     0.30103 
    21.022560     1.30054     0.29836 
    21.119538     1.71779     0.39409 
    21.189898     2.48755     0.57068 
    21.258067     1.80131     0.41325 
    21.355974     1.21186     0.27802 
