#  rad density density_err 
     0.005331 21788.21365  6239.76417 
     0.008992 21390.53394   592.89034 
     0.011012 23239.22417  3597.40976 
     0.013485 20240.51811   561.01487 
     0.016514 20054.95193   277.49864 
     0.016667 28459.13038 17061.93980 
     0.020177 18630.37623   257.78691 
     0.024652 17467.13293   484.14380 
     0.030189 16226.37936   902.41230 
     0.033331 23239.22417 17475.08422 
     0.036800 14263.35283   395.34329 
     0.044962 12653.81921   175.08980 
     0.049986 16528.05028  9366.62769 
     0.054809 11122.99201   308.30060 
     0.066657 11329.78387  3076.17245 
     0.066965 10051.28588   841.28186 
     0.081442  7695.23036   752.70986 
     0.082007  8754.30403   856.30328 
     0.083339  8999.56722  1522.55457 
     0.099965  7416.88637   830.55792 
     0.100196  7148.61035   397.56213 
     0.108855  6226.17933   259.27483 
     0.116640  6640.81872   932.85424 
     0.122419  6226.17933   697.22014 
     0.133306  5945.95510   920.42818 
     0.136097  5226.62842    72.32041 
     0.149571  5178.71040   579.92245 
     0.149916  5422.77550   995.72706 
     0.162873  4387.54542   121.61142 
     0.166667  4991.39139  1061.52832 
     0.182746  4190.07335   350.70465 
     0.183168  4113.59589   286.43896 
     0.190480  3751.64404   103.98588 
     0.199917  3517.39891   146.47394 
     0.216695  3035.43981   426.39666 
     0.217194  3297.77959    91.40593 
     0.223279  3007.61073   294.18980 
     0.233265  2925.64499   203.71926 
     0.244821  3035.43981   168.81266 
     0.249947  2692.90867   225.39357 
     0.266593  2643.75755    73.27813 
     0.272175  2717.82585   189.24834 
     0.272803  3120.48159   893.65147 
     0.283041  2260.58908   317.55122 
     0.299122  2281.50605    31.56900 
     0.299812  2061.68174   378.56487 
     0.316846  1746.71329   578.85988 
     0.326474  2005.49519   111.53342 
     0.333310  2100.01127    87.45011 
     0.353060  1812.26468   126.19208 
     0.380933  1730.69933    23.94754 
     0.407238  1762.87543   298.24479 
     0.408177  1668.09824   139.61804 
     0.435360  1593.02146   223.77615 
     0.489608  1349.65145   189.58929 
     0.497564  1337.27777   207.00932 
     0.571280  1072.06625   135.29566 
     0.607923  1186.37401   520.78017 
     0.652903  1042.84947   409.23033 
     0.734258   721.47556    80.79229 
     0.744473   843.76523   318.14270 
     0.816298   499.13914    98.88746 
     0.897116   547.29518   108.42795 
     0.909596   527.49898    89.24273 
     0.979149   459.43241    77.72717 
     1.061326   335.90899    28.11522 
     1.111345   345.31991    28.90291 
     1.224190   281.98216    15.68213 
     1.357840   221.93287     6.15141 
     1.468415   162.26379    36.88063 
     1.713360   117.54973    21.58442 
     1.958163    99.59135     2.76041 
     2.026977   110.21016    34.86223 
     2.202159    60.56499    18.24943 
     2.448210    58.91442     4.93107 
     2.690598    42.28844     1.17213 
     2.850026    35.49945     1.97426 
     2.936627    28.72246     7.37325 
     3.469575    14.06897     2.41281 
     3.576070    14.81569     2.54087 
     3.682061    13.77240     2.32796 
     3.802686    10.82935     1.85722 
     3.933575    10.55156     1.80958 
     4.062993    10.36764     1.77804 
     4.192813     9.83859     1.68730 
     4.312817    11.52899     1.97721 
     4.431597     9.48550     1.62675 
     4.553706    10.28948     1.76463 
     4.674972     9.11105     1.56253 
     4.817933     7.06922     1.21236 
     4.987296     6.03295     1.03464 
     5.139452     8.45944     1.45078 
     5.313180     4.56724     0.78327 
     5.545739     4.02992     0.69113 
     5.755802     5.28175     0.90581 
     5.948510     4.38575     0.75215 
     6.166727     3.94430     0.66671 
     6.397662     3.63238     0.62295 
     6.669448     2.61122     0.44782 
     7.003949     2.15640     0.36982 
     7.422904     1.51993     0.26067 
     7.908716     1.39068     0.23850 
     8.515163     0.88152     0.15118 
     9.275181     0.73005     0.12520 
    10.257267     0.45282     0.07766 
    12.029905     0.18898     0.03241 
    15.743280     0.06811     0.01168 
    23.701361     0.02100     0.00360 
    32.555324     0.02431     0.00417 
    39.502790     0.01941     0.00333 
    45.814984     0.02121     0.00364 
    52.287625     0.01403     0.00241 
    58.580672     0.01773     0.00304 
