#  rad density density_err 
     0.005832   631.82674   209.38705 
     0.009837   686.43276   145.98491 
     0.011991   705.66406   119.38486 
     0.014650   712.19349   100.04380 
     0.017818   738.92099    72.27764 
     0.021820   759.62282    42.24559 
     0.026659   825.27369    57.46567 
     0.032647   872.16369   122.51525 
     0.039797   947.54098   257.26876 
     0.048848  1019.99490   384.59031 
     0.054935  1010.64353   365.61171 
     0.059545  1038.95802   423.74479 
     0.072753   983.10069   310.97934 
     0.073426   938.85387   227.17075 
     0.089094   888.37842   176.00200 
     0.092013   864.16764   146.20063 
     0.108605   832.90985   140.91241 
     0.110369   810.21075   113.81255 
     0.129077   738.92099    82.74586 
     0.132693   626.03412    70.10457 
     0.146841   667.72556    55.88791 
     0.162498   492.71751   126.48400 
     0.165519   576.23283     7.97328 
     0.184013   501.87782    20.89954 
     0.198540   417.44379    82.70230 
     0.202231   445.24392    24.76175 
     0.220724   395.00082    21.96754 
     0.238698   350.42736    24.40105 
     0.242577   302.41129    82.10830 
     0.257542   308.03354    30.13034 
     0.275962   273.27380    26.73031 
     0.294340   240.21383    30.31519 
     0.296380   225.21536    44.61877 
     0.331016   192.57415    21.56484 
     0.362117   146.08244    37.50037 
     0.386232   160.17621    17.93686 
     0.441417   128.40975    31.07080 
     0.442434   124.91023    24.74672 
     0.496419    94.75410    20.15153 
     0.540566    73.89210    11.43843 
     0.551885    60.89729     3.38674 
     0.553157    65.55382     4.56466 
     0.606525    42.52046     9.66439 
     0.660463    51.12084    21.64316 
     0.661986    39.13794     0.54155 
     0.680532    38.42360     3.75841 
     0.717544    35.69423     7.07160 
     0.767094    20.72994     7.18385 
     0.806954    32.85474    20.78754 
     0.827654    19.43560     2.17644 
     0.943732    10.48571     5.26550 
     0.985936    19.61544    14.40993 
     0.992770     8.88378     4.60328 
     1.106238     6.14608     3.78641 
     1.158374     6.03390     2.55459 
     1.204616    10.01378     5.83875 
     1.207393     6.67726     0.37135 
     1.323880     6.03390     1.19541 
     1.488842     3.50427     0.44224 
     1.534083     3.40877     0.09448 
     1.737196     2.31525     0.19378 
     1.798245     1.80550     0.57113 
     1.967201     2.49229     1.49419 
     2.168063     1.12727     0.35647 
     2.777300     1.01021     0.31946 
     3.564545     0.44329     0.14018 
     4.472410     0.44015     0.13919 
     5.130881     0.61008     0.19293 
     5.753549     0.37539     0.11871 
     6.413086     0.42628     0.13480 
     6.945988     0.47378     0.14982 
     7.442010     0.42064     0.13302 
     7.843956     0.68670     0.21715 
     8.134380     0.68562     0.21681 
     8.449429     0.54641     0.17279 
     8.886653     0.33809     0.10691 
     9.567835     0.19978     0.06318 
    10.151532     0.46834     0.14810 
    10.544654     0.33430     0.10572 
    10.955700     0.39199     0.12396 
    11.410009     0.25926     0.08199 
    11.747725     0.98591     0.31177 
    11.996141     0.36913     0.11673 
    12.344602     0.38200     0.12080 
    12.648256     0.46638     0.14748 
    12.974735     0.35216     0.10618 
    13.300698     0.44521     0.14079 
    13.662279     0.25637     0.08107 
    14.028919     0.40678     0.12864 
    14.263526     0.58627     0.18539 
    14.469384     0.49683     0.15711 
    14.731496     0.35675     0.11282 
    14.967815     0.62620     0.19802 
    15.134493     0.64297     0.20333 
    15.337324     0.42861     0.13554 
    15.542574     0.60811     0.19230 
    15.769542     0.35345     0.11177 
    16.053789     0.35038     0.11080 
    16.266576     0.68598     0.21693 
    16.457308     0.40491     0.12804 
    16.653533     0.62213     0.19674 
    16.902835     0.27293     0.08631 
    17.150071     0.62081     0.19632 
    17.329419     0.43899     0.13882 
    17.541684     0.42137     0.13325 
    17.762543     0.39577     0.12515 
    17.993138     0.37673     0.11913 
    18.198932     0.49466     0.15642 
    18.371976     0.51171     0.16182 
    18.517908     0.70120     0.22174 
    18.716048     0.31068     0.09825 
    18.959341     0.39433     0.12470 
    19.158445     0.44825     0.14175 
    19.338973     0.51516     0.15533 
    19.511113     0.48395     0.15304 
    19.699505     0.38799     0.12269 
    19.867446     0.62755     0.19845 
    20.103211     0.23022     0.07280 
    20.346806     0.54580     0.17260 
    20.516401     0.39604     0.12524 
    20.707620     0.41197     0.13028 
    20.908814     0.35268     0.11153 
    21.098020     0.46398     0.14672 
    21.238956     0.62820     0.19865 
    21.362125     0.58640     0.18544 
    21.498415     0.50871     0.16087 
    21.658092     0.42275     0.13369 
    21.825719     0.45172     0.14285 
    21.991384     0.42597     0.13470 
    22.168562     0.38921     0.12308 
    22.372400     0.31870     0.10078 
    22.602060     0.29824     0.09431 
    22.770851     0.68876     0.21781 
    22.873270     0.67319     0.21288 
    22.985794     0.56900     0.17993 
    23.146611     0.34389     0.10875 
    23.316687     0.48683     0.15395 
    23.465282     0.43206     0.13663 
    23.634357     0.37170     0.11754 
    23.773710     0.68636     0.21704 
    23.903558     0.45166     0.13618 
    24.064234     0.41545     0.13138 
    24.238861     0.34548     0.10925 
    24.382799     0.66729     0.21102 
    24.494413     0.51811     0.16384 
    24.635906     0.40997     0.12964 
    24.775914     0.52466     0.16591 
    24.932734     0.33385     0.10557 
    25.120939     0.34208     0.10818 
    25.315483     0.30835     0.09751 
    25.492146     0.41778     0.13211 
    25.661141     0.32894     0.10402 
    25.846485     0.33809     0.10691 
    26.007728     0.43602     0.13788 
    26.151741     0.41211     0.13032 
    26.272354     0.64757     0.20478 
    26.389691     0.42734     0.13514 
    26.528768     0.43782     0.13845 
    26.668538     0.41876     0.13242 
    26.800790     0.48680     0.15394 
    26.939547     0.37987     0.12012 
    27.082202     0.45279     0.14319 
    27.193494     0.63071     0.19945 
    27.313397     0.39636     0.12534 
    27.492269     0.27471     0.08687 
    27.675565     0.36897     0.11668 
    27.818898     0.43738     0.13831 
    27.940184     0.50966     0.16117 
    28.096409     0.31049     0.09362 
    28.277185     0.34987     0.11064 
    28.432505     0.37375     0.11819 
    28.604454     0.28661     0.09063 
    28.782405     0.34181     0.10809 
    28.909156     0.60019     0.18980 
    28.996939     0.65466     0.20702 
    29.114346     0.36208     0.11450 
    29.246577     0.47951     0.15163 
    29.333783     0.89056     0.28162 
    29.415380     0.52904     0.16730 
    29.527317     0.44325     0.14017 
    29.655880     0.39600     0.12523 
    29.798000     0.35915     0.11357 
    29.951781     0.33452     0.10578 
    30.101795     0.37450     0.11843 
    30.217893     0.57867     0.18299 
    30.314253     0.51623     0.16325 
    30.404427     0.66560     0.21048 
    30.507365     0.41004     0.12966 
    30.710575     0.18562     0.05870 
    30.925569     0.34127     0.10792 
    31.067743     0.38360     0.12130 
    31.219343     0.30049     0.09502 
    31.371689     0.37568     0.11880 
    31.479852     0.62198     0.19669 
    31.582709     0.40500     0.12807 
    31.706870     0.44566     0.13437 
    31.838573     0.35831     0.11331 
    31.959481     0.48676     0.15393 
    32.052236     0.59679     0.18872 
    32.157334     0.38973     0.12324 
    32.278632     0.42651     0.13488 
    32.387314     0.48292     0.15271 
    32.478366     0.60991     0.19287 
    32.556890     0.63734     0.20154 
    32.631718     0.66854     0.21141 
    32.730538     0.38999     0.12332 
    32.827183     0.70671     0.22348 
    32.914829     0.45322     0.14332 
    33.047090     0.30513     0.09649 
    33.176805     0.47218     0.14932 
    33.278991     0.46533     0.14715 
    33.377045     0.51091     0.16156 
    33.509093     0.27814     0.08795 
    33.652334     0.40870     0.12924 
    33.731950     1.08427     0.34288 
    33.784963     0.75360     0.23831 
    33.849498     0.70643     0.22339 
    33.935129     0.44792     0.14165 
    34.055847     0.34179     0.10808 
    34.208005     0.27762     0.08779 
    34.368865     0.30044     0.09501 
    34.511594     0.35117     0.11105 
    34.628700     0.44669     0.14126 
    34.753976     0.34115     0.10286 
    34.876671     0.46694     0.14766 
    34.952038     0.85908     0.27166 
    35.003614     0.90669     0.28672 
    35.060610     0.71101     0.22484 
    35.130236     0.60080     0.18999 
    35.247036     0.28544     0.09026 
    35.365966     0.56488     0.17863 
    35.481774     0.29520     0.09335 
    35.577314     1.14325     0.36153 
    35.665586     0.32474     0.10269 
    35.779054     0.49691     0.15714 
    35.863072     0.56520     0.17873 
    35.918819     1.34366     0.42490 
    35.980695     0.48729     0.15409 
    36.081866     0.39537     0.12503 
    36.185258     0.46192     0.14607 
    36.298716     0.33293     0.10528 
    36.419204     0.39990     0.12646 
    36.517179     0.50287     0.15902 
    36.624422     0.33999     0.10751 
    36.723544     0.61534     0.19459 
    36.828275     0.31083     0.09829 
    36.946609     0.44119     0.13952 
    37.039808     0.48409     0.15308 
    37.132196     0.44641     0.14117 
    37.260155     0.26713     0.08447 
    37.393695     0.43684     0.13171 
    37.480085     0.64726     0.20468 
    37.545393     0.65206     0.20620 
    37.635651     0.36611     0.11577 
    37.728389     0.60290     0.19065 
    37.804002     0.51811     0.16384 
    37.869891     0.83184     0.26305 
    37.928531     0.62858     0.19878 
    38.032749     0.29536     0.09340 
    38.166006     0.33405     0.10564 
    38.281826     0.38925     0.12309 
    38.407944     0.28494     0.09010 
    38.546933     0.31150     0.09850 
    38.638685     0.80835     0.25562 
    38.710629     0.44241     0.13990 
    38.808568     0.39836     0.12597 
    38.897465     0.54667     0.17287 
    38.986931     0.39221     0.12403 
    39.127421     0.22994     0.07271 
    39.265905     0.40503     0.12808 
    39.367364     0.39310     0.12431 
    39.464162     0.44439     0.14053 
    39.565917     0.35674     0.11281 
    39.655676     0.60119     0.19011 
    39.745442     0.35507     0.11228 
    39.850945     0.40657     0.12857 
    39.924589     0.81258     0.25696 
    39.973701     0.80983     0.25609 
