#  rad density density_err 
     0.007326    58.97207    44.34493 
     0.012327    45.56657    56.71528 
     0.014992    96.97200    10.85912 
     0.018317   135.09720    92.30037 
     0.022483   106.32768    32.03863 
     0.027469   133.85862   100.65700 
     0.033485   129.01682    97.01614 
     0.041006   112.36895    67.36792 
     0.049986    86.82531    26.16218 
     0.061214    72.88637    14.43996 
     0.074619    54.28081     0.75108 
     0.091379    34.56578    14.63420 
     0.108855    25.50623    15.29161 
     0.111647    22.01133    18.10245 
     0.136097    22.83738     7.56830 
     0.136411    22.01133     8.29940 
     0.162873    21.02066     2.35394 
     0.166667    15.79961     8.44109 
     0.190480    19.52749     0.54125 
     0.203633    20.26032     2.84602 
     0.217194    18.30823     0.76240 
     0.244821    17.16510     0.47577 
     0.248799    14.67731     3.33598 
     0.249947    21.21516     7.35200 
     0.272175    16.54422     0.45856 
     0.281740    17.32393     0.72141 
     0.299122    16.54422     0.68895 
     0.303983    14.14641     4.26259 
     0.326474    17.16510     0.71480 
     0.353060    20.07457     3.10752 
     0.371406    21.60958     4.91160 
     0.380933    22.21500     5.70274 
     0.391605    19.89053     1.38502 
     0.408177    23.69443     7.49514 
     0.435360    24.13495     7.27234 
     0.453784    25.74224     9.31255 
     0.489608    22.83738     2.88210 
     0.499860    20.07457     1.39784 
     0.544313    25.50623     6.54763 
     0.554433    23.91368     4.04574 
     0.571280    20.63699     1.14770 
     0.652903    21.41146     0.59347 
     0.677406    18.64860     2.88679 
     0.734258    20.26032     0.84369 
     0.749633    16.85180     3.58390 
     0.756569    19.52749     0.81318 
     0.790403    10.53529    10.20657 
     0.816298    12.78340     6.82965 
     0.827654    11.76647     7.64170 
     0.897116    10.34300     7.06648 
     0.979149     9.87748     5.27714 
     0.999652    13.38586     0.18522 
     1.011227    11.34087     2.24681 
     1.051596     9.60830     3.32970 
     1.061326    10.34300     2.04911 
     1.224190     8.44591     0.23410 
     1.238365     8.68253     0.48287 
     1.249824     9.87748     2.97628 
     1.415301     6.77090     1.34142 
     1.461668     5.47831     0.07580 
     1.468415     6.06242     1.11318 
     1.499163     6.89678     3.46328 
     1.513034     7.09000     4.25063 
     1.632483     2.92851     1.37757 
     1.713360     4.47349     2.03384 
     1.749237     4.15572     1.82423 
     1.769493     2.90166     0.20205 
     1.848625     3.39349     1.33166 
     1.958163     2.77106     1.04483 
     1.999166     2.64634     1.12039 
     2.206296     1.43678     0.45435 
     3.265271     0.30164     0.09539 
     6.352925     0.05495     0.01738 
    13.597948     0.01179     0.00373 
    20.535774     0.01965     0.00621 
    24.230125     0.01907     0.00603 
