#  rad density density_err 
     0.016667 17403.83942  5775.52692 
     0.050000 12309.63194  2849.61745 
     0.083333 12733.42010  2953.74160 
     0.116667 11883.51907  2084.92564 
     0.150000  9715.05061  1874.16165 
     0.183333  9491.72326  1458.19241 
     0.216667  8097.39020  1240.21151 
     0.250000  7583.07004  1440.82993 
     0.283333  7116.14957   890.56855 
     0.316667  5383.92582  1041.15566 
     0.375000  4165.28831   390.05554 
     0.458333  3389.57359   445.12752 
     0.541667  2544.16379   340.42919 
     0.625000  2014.86089   326.91718 
     0.708333  1685.95146   261.83721 
     0.791667  1133.03954   245.71602 
     0.916667   916.73765   114.96146 
     1.083333   643.93950    87.64539 
     1.250000   462.42901    55.39382 
     1.416667   343.59360    63.62669 
     1.583333   278.00017    55.50211 
     1.875000   179.49199    26.35041 
     2.291667   118.04431    19.94927 
     2.708333    66.22852    10.04804 
     3.125000    44.36547     9.90999 
     3.750000    21.57968     4.40414 
     4.287952    15.32186     2.36421 
     4.404830    11.76921     1.79479 
     4.528069    12.89665     1.99000 
     4.636985    14.27840     2.17744 
     4.761665     9.61556     1.48371 
     4.906764     9.44707     1.45771 
     5.063270     8.00687     1.22104 
     5.242347     6.73426     1.03912 
     5.414390     8.16833     1.24566 
     5.608022     5.12617     0.79099 
     5.827876     5.53609     0.85424 
     6.058295     4.45345     0.67915 
     6.330407     3.63400     0.56074 
     6.639179     3.15254     0.48076 
     6.988012     2.58050     0.39818 
     7.386358     2.12436     0.32780 
     7.862081     1.65662     0.25263 
     8.468128     1.14960     0.17739 
     9.552968     0.48306     0.07367 
    11.391870     0.26735     0.04125 
    14.333627     0.12944     0.01974 
    19.305108     0.05536     0.00854 
    26.096754     0.03495     0.00539 
    32.909375     0.03303     0.00504 
    39.362309     0.02569     0.00396 
    45.028463     0.03218     0.00491 
    50.598793     0.02058     0.00318 
    56.223352     0.02461     0.00380 
    61.104413     0.02271     0.00346 
    65.606504     0.02501     0.00386 
    69.631968     0.02471     0.00377 
    73.306883     0.02704     0.00417 
    76.319522     0.03301     0.00509 
    78.876455     0.03526     0.00538 
    81.125951     0.04042     0.00624 
    83.411262     0.03240     0.00494 
    86.001599     0.02935     0.00453 
    89.124003     0.02085     0.00322 
