#  rad density density_err 
     0.119632    43.00587     7.89671 
     0.249947    77.54035    55.62615 
     0.499860    68.15971    28.85695 
     0.598203    41.83384    13.23309 
     0.749633    55.14774    10.92565 
     0.753093    34.16078    19.35929 
     0.948088    39.58474     4.43278 
     0.999652    44.61981     6.26787 
     1.190827    30.02809     5.51374 
     1.249824    34.16078     3.82539 
     1.499163    24.29561     0.33618 
     1.749237    16.05195     2.25486 
     1.887334    16.96398     3.85571 
     1.999166    10.50819     3.16632 
     2.520960     2.87522     0.46040 
     3.226003     3.47465     0.55639 
     3.845902     2.35249     0.37670 
     4.514359     2.11252     0.33827 
     5.038146     3.10552     0.49728 
     5.515329     2.01814     0.32316 
     6.078593     1.79499     0.28743 
     6.519930     3.03388     0.48581 
     6.830376     2.95910     0.47384 
     7.131496     2.94901     0.47222 
     7.488725     1.97667     0.31652 
     7.853315     2.55073     0.40844 
     8.196544     2.01084     0.32199 
     8.552014     2.17083     0.34761 
     8.832027     3.11403     0.49864 
     9.055996     3.08390     0.49382 
     9.333610     1.99721     0.31981 
     9.692742     1.66208     0.26615 
    10.039133     2.01072     0.32197 
    10.356731     1.82887     0.29285 
    10.636016     2.52779     0.40477 
    10.897646     1.94799     0.31193 
    11.162075     2.35162     0.37656 
    11.414807     2.02149     0.32370 
    11.684837     1.95970     0.31380 
    11.943775     2.10562     0.33717 
    12.173196     2.40481     0.38508 
    12.365491     2.90894     0.46580 
    12.566689     2.14904     0.34412 
    12.774191     2.62415     0.42020 
    12.978450     2.14128     0.34288 
    13.166540     3.08465     0.49394 
    13.357944     2.02051     0.32354 
    13.564060     2.51081     0.40205 
    13.760337     2.14496     0.34347 
    13.956891     2.43276     0.38955 
    14.122503     2.96139     0.47420 
    14.282343     2.53755     0.40633 
    14.456788     2.41719     0.38706 
    14.637237     2.31379     0.37050 
    14.829637     2.07696     0.33258 
    14.993161     3.29808     0.52812 
    15.152182     2.12784     0.34073 
    15.342820     2.14326     0.34320 
    15.527194     2.22097     0.35564 
    15.703973     2.27722     0.36465 
    15.861963     2.74781     0.44000 
    16.022521     2.16777     0.34712 
    16.215476     1.84740     0.29582 
    16.391408     2.61768     0.41916 
    16.555090     2.05214     0.32861 
    16.715598     2.68473     0.42990 
    16.852064     2.73605     0.43812 
    16.975862     3.23644     0.51825 
    17.086731     3.33995     0.53482 
    17.211176     2.57372     0.41213 
    17.342951     2.89969     0.46432 
    17.475404     2.51053     0.40201 
    17.627745     2.15754     0.34548 
    17.780778     2.44354     0.39128 
    17.923863     2.41645     0.38694 
    18.068025     2.36900     0.37934 
    18.217359     2.21745     0.35508 
    18.390100     1.75950     0.28175 
    18.563486     2.15799     0.34556 
    18.706581     2.52814     0.40483 
    18.844057     2.29212     0.36703 
    18.999123     1.96303     0.31434 
    19.148188     2.46129     0.39412 
    19.269078     2.92631     0.46858 
    19.406350     1.94477     0.31141 
    19.553418     2.44803     0.39200 
    19.693448     2.14953     0.33987 
    19.860105     1.70855     0.27359 
    20.018140     2.32884     0.37291 
    20.190892     1.44762     0.23180 
    20.365808     2.21705     0.35501 
    20.506392     2.10643     0.33730 
    20.646538     2.20090     0.35243 
    20.798836     1.77637     0.28445 
    20.967880     1.74046     0.27870 
    21.120728     2.16712     0.34702 
    21.253578     2.24497     0.35948 
    21.382066     2.28780     0.36634 
    21.523698     1.84413     0.29530 
    21.653729     2.76467     0.44270 
    21.765837     2.36595     0.37885 
    21.905798     1.77772     0.28466 
    22.046157     2.32058     0.37159 
    22.186464     1.75636     0.28124 
    22.331457     2.12665     0.34054 
    22.452901     2.46415     0.39458 
    22.560225     2.68521     0.42998 
    22.671845     2.26681     0.36298 
    22.791176     2.31023     0.36993 
    22.909036     2.29936     0.36819 
    23.009662     3.23382     0.51783 
    23.098121     2.87406     0.46022 
    23.216152     1.87541     0.30031 
    23.325924     3.45653     0.55349 
    23.412562     2.75329     0.44088 
    23.522188     2.14604     0.34364 
    23.628846     2.90736     0.46555 
    23.729802     2.34469     0.37545 
    23.843866     2.23319     0.35760 
    23.958631     2.29348     0.36725 
    24.078448     2.03502     0.32586 
    24.204128     2.05671     0.32934 
    24.317199     2.51593     0.40287 
    24.425006     2.22608     0.35646 
    24.535829     2.35358     0.37687 
    24.657950     1.84070     0.29475 
    24.785114     2.13005     0.34108 
    24.900467     2.20333     0.35281 
    25.006951     2.48630     0.39813 
    25.116610     2.06828     0.33119 
    25.237069     2.02539     0.32432 
    25.362263     1.89786     0.30390 
    25.494095     1.80735     0.28941 
    25.608042     2.60116     0.41652 
    25.714589     2.01303     0.32234 
    25.825198     2.37249     0.37990 
    25.913949     3.14351     0.50336 
    26.012671     1.96802     0.31514 
    26.113901     2.92675     0.46866 
    26.209517     2.15258     0.34469 
    26.324039     1.98103     0.31722 
    26.434517     2.30360     0.36887 
    26.542126     2.06428     0.33055 
    26.656615     2.01272     0.32229 
    26.766739     2.21784     0.35514 
    26.864113     2.56189     0.41023 
    26.956541     2.43232     0.38948 
    27.055565     2.21915     0.35535 
    27.150375     2.65099     0.42450 
    27.252056     1.94463     0.31139 
    27.359244     2.33284     0.37355 
    27.468390     1.86689     0.29894 
    27.578879     2.25210     0.36062 
    27.676914     2.33286     0.37356 
    27.784538     1.87551     0.30032 
    27.891537     2.34542     0.37557 
    27.988885     2.22185     0.35578 
    28.072009     3.32823     0.53294 
    28.147157     2.62958     0.42107 
    28.240842     2.12341     0.34002 
    28.338250     2.39883     0.38412 
    28.421991     2.86699     0.45909 
    28.502050     2.66079     0.42071 
    28.585607     2.61084     0.41807 
    28.660134     3.28708     0.52635 
    28.735009     2.57574     0.41245 
    28.840118     1.70332     0.27275 
    28.950230     2.28406     0.36574 
    29.034172     2.88844     0.46252 
    29.136702     1.62560     0.26030 
    29.253431     2.07188     0.33177 
    29.354586     2.11665     0.33894 
    29.440753     2.91062     0.46607 
    29.521338     2.36947     0.37942 
    29.621545     1.87633     0.30045 
    29.720446     2.42500     0.38831 
    29.804527     2.53847     0.40648 
    29.901761     1.84639     0.29566 
    30.000584     2.42780     0.38876 
    30.103838     1.69998     0.27221 
    30.200593     2.84578     0.45569 
    30.292334     1.84167     0.29490 
    30.394617     2.18863     0.35046 
    30.478348     2.74636     0.43977 
    30.575012     1.70348     0.27277 
    30.684697     2.01891     0.32328 
    30.789005     1.85941     0.29774 
    30.888758     2.20617     0.35327 
    30.977158     2.33766     0.37433 
    31.060952     2.44081     0.39084 
    31.135324     2.98117     0.47737 
    31.204890     2.75273     0.44079 
    31.286347     2.18849     0.35044 
    31.390808     1.67191     0.26772 
    31.491999     2.34324     0.37522 
    31.585995     1.89176     0.30292 
    31.684315     2.11191     0.33818 
    31.771446     2.39713     0.38385 
    31.844523     3.01472     0.48274 
    31.923043     2.10464     0.33701 
    32.018181     1.98040     0.31712 
    32.108089     2.35963     0.37784 
    32.189519     2.38257     0.38152 
    32.266284     2.64978     0.42431 
    32.343846     2.32543     0.37237 
    32.420822     2.68043     0.42921 
    32.497224     2.34711     0.37584 
    32.579271     2.30328     0.36882 
    32.668404     1.98852     0.31842 
    32.759273     2.19838     0.35202 
    32.833177     3.06797     0.49127 
    32.914719     1.85860     0.29761 
    32.997213     2.96117     0.47417 
    33.071738     2.19449     0.35140 
    33.145779     2.99347     0.47934 
    33.201276     3.85982     0.61807 
    33.263593     2.44886     0.39213 
    33.336218     2.69649     0.43178 
    33.410516     2.33558     0.37399 
    33.497149     1.97710     0.31659 
    33.581322     2.47696     0.39663 
    33.654247     2.58936     0.41463 
    33.729531     2.31947     0.37141 
    33.802136     2.78765     0.44638 
    33.879315     2.07054     0.33155 
    33.958298     2.63062     0.42124 
    34.037077     2.07053     0.33155 
    34.103880     3.99749     0.64011 
    34.169346     2.12703     0.34060 
    34.251974     2.26938     0.36339 
    34.322174     2.98691     0.47829 
    34.388870     2.47778     0.39676 
    34.461240     2.50528     0.40117 
    34.536715     2.27340     0.36404 
    34.612521     2.47154     0.39576 
    34.679829     2.88412     0.46183 
    34.741571     2.90852     0.46574 
    34.807450     2.53556     0.40601 
