#  rad density density_err 
     0.007326   401.10384   466.52137 
     0.012327   585.13601   150.20847 
     0.014992   486.69493   213.64348 
     0.018317   412.34129   213.66135 
     0.022483   647.52542   284.24291 
     0.027469   504.95982   190.39571 
     0.033485   553.67743   600.06249 
     0.041006   482.23289   769.55104 
     0.049986   246.18230   247.80926 
     0.061214   101.68498    20.14543 
     0.074619    33.98262    32.92230 
     0.077241    30.99252    32.38502 
     0.091379    25.07592    23.82415 
     0.111647    31.27929     6.65222 
     0.136411    24.84602    12.47666 
     0.139588    55.36774    45.53526 
     0.166667    48.66949    26.00215 
     0.194021    40.48152     5.68655 
     0.199917    55.88005    37.23184 
     0.203633    56.39711    38.53132 
     0.248799    39.01727     1.08146 
     0.265368    48.22329    15.98117 
     0.269680    26.01698    17.33463 
     0.303983    22.86951    20.04341 
     0.371406    54.86013    42.21018 
     0.373980    47.78117    25.52755 
     0.399805    34.29705     2.38818 
     0.453784    19.19804    13.11638 
     0.519815    17.50882     9.63757 
     0.554433    20.10281     3.69127 
     0.592719    20.10281     1.11800 
     0.599582    23.29468     4.95412 
     0.677406    18.16590     1.77690 
     0.722518     9.44619     7.76869 
     0.799556    15.10973     2.99348 
     0.827654    10.16850     3.21655 
     0.954660     6.84316     3.99005 
     0.999652    10.35754     2.05200 
     1.004266    19.91851    29.51039 
     1.011227    11.35682     4.28210 
     1.199082     7.29889     1.12986 
     1.238365     5.33650     1.29125 
     1.323880     5.53677     0.07661 
     1.395882     8.30342     7.27732 
     1.399100     4.91198     0.13615 
     1.513034     4.20007     0.11642 
     1.599001     3.36711     0.52122 
     1.798245     2.06660     1.03776 
     1.848625     3.24531     0.97788 
     1.913589     2.18402     0.36949 
     1.940210     3.39826     2.03734 
     1.999166     1.28014     1.14529 
     2.359838     0.84826     0.26824 
     3.443098     0.37075     0.11179 
     5.068318     0.16712     0.05285 
     7.231276     0.09894     0.02983 
     9.946916     0.05361     0.01695 
    12.317686     0.07353     0.02325 
    13.770621     0.11068     0.03337 
    15.216980     0.05997     0.01896 
    16.910821     0.05726     0.01811 
