#  rad density density_err 
     0.007326   153.90042    67.55735 
     0.012327   134.04166    28.50688 
     0.014992   175.08132   116.65343 
     0.018317   153.90042    69.96974 
     0.022483   153.90042    69.96974 
     0.027469   162.64466    86.89448 
     0.033485   152.48945    66.93798 
     0.041006   140.35885    42.29290 
     0.049986   118.91587     4.95198 
     0.061214   103.57139    16.03275 
     0.074619   110.46884     6.14360 
     0.091379   116.74541     4.86159 
     0.111647   123.37859    19.09889 
     0.136411   140.35885    57.24614 
     0.166667   130.38865    43.21073 
     0.203633   129.19324    50.69743 
     0.248799   142.96832    95.25714 
     0.303983    96.21434    14.89389 
     0.371406    80.76809     4.49183 
     0.453784    72.31690     7.07369 
     0.554433    60.70714     6.79811 
     0.677406    46.90723     0.64905 
     0.827654    39.37674     4.40949 
     1.011227    26.99229     1.50115 
     1.238365    24.39157     6.62261 
     1.513034    21.44074    13.20900 
     1.848625    11.46146     2.10455 
     2.145704     8.75943     1.68575 
     2.337159    11.91783     2.29359 
     2.514639     8.51522     1.63875 
     2.698522     9.53077     1.83420 
     2.924325     5.16461     0.99393 
     3.152044     7.97665     1.53511 
     3.346160     5.90931     1.13725 
     3.544060     6.79351     1.30741 
     3.737770     5.50234     1.05892 
     3.936675     5.77955     1.11228 
     4.117464     6.04282     1.16294 
     4.286274     6.07927     1.16996 
     4.428755     8.08247     1.55547 
     4.553554     7.28450     1.40190 
     4.677342     7.78394     1.49802 
     4.842182     4.19298     0.80694 
     5.046554     4.32031     0.83144 
     5.190929     9.03192     1.73819 
     5.315151     5.15653     0.99237 
     5.492451     3.95513     0.76117 
     5.655067     5.96367     1.14771 
     5.780710     6.00137     1.15496 
     5.897617     6.62703     1.27537 
     6.007842     6.47285     1.24570 
     6.127317     5.45988     1.05075 
     6.277699     3.97249     0.76451 
     6.431678     4.92562     0.94794 
     6.583821     3.87025     0.74483 
     6.733842     4.85655     0.93464 
     6.852960     5.86919     1.12953 
     6.952283     6.73263     1.29569 
     7.049186     5.97643     1.15016 
     7.163406     4.74445     0.91307 
     7.278565     5.68331     1.09375 
     7.373214     6.82321     1.31313 
     7.456444     7.11096     1.36850 
     7.530735     8.44890     1.62599 
     7.605635     6.86824     1.32179 
     7.689532     6.53377     1.25742 
     7.775737     6.36090     1.22415 
     7.859673     6.75072     1.29918 
     7.949277     5.50379     1.05921 
     8.032246     7.90000     1.52036 
     8.103786     7.03667     1.35421 
     8.186976     5.76644     1.10975 
     8.290070     4.50100     0.86622 
     8.398253     5.05597     0.97302 
     8.480316     8.05309     1.54982 
     8.550887     6.42478     1.23645 
     8.639004     5.07493     0.97667 
     8.740942     4.64392     0.89372 
     8.821092     8.94885     1.72221 
     8.889575     5.85723     1.12723 
     8.960890     7.97910     1.53558 
     9.038864     4.96012     0.95458 
     9.119726     7.15262     1.37652 
     9.182767     7.77299     1.49591 
     9.258600     5.07455     0.97660 
     9.338429     6.74746     1.29855 
     9.415384     5.32485     1.02477 
     9.492286     6.64828     1.27946 
     9.552359     8.64238     1.66323 
     9.623269     4.97443     0.95733 
     9.717867     4.44737     0.85590 
     9.808000     5.41976     1.04303 
     9.887237     5.59828     1.07739 
     9.959795     6.39368     1.23046 
    10.034323     5.24978     1.01032 
    10.100201     8.47826     1.63164 
    10.161643     5.81671     1.11943 
    10.243761     4.58286     0.88197 
    10.319633     6.91621     1.33103 
    10.388350     5.35629     1.03082 
    10.472863     4.46979     0.86021 
    10.549015     6.73251     1.29567 
    10.624143     4.50660     0.86730 
    10.717841     4.10608     0.79021 
    10.795593     6.87962     1.32398 
    10.858284     5.86094     1.12794 
    10.921722     6.62922     1.27579 
    10.984722     5.86945     1.12958 
    11.039192     9.20469     1.77144 
    11.094586     5.65453     1.08821 
    11.153294     7.87606     1.51575 
    11.209911     5.96031     1.14706 
    11.270730     6.65121     1.28003 
    11.334392     5.41599     1.04231 
    11.394125     7.62464     1.46736 
    11.452909     5.50915     1.06024 
    11.515253     6.59532     1.26927 
    11.576012     5.71660     1.10016 
    11.640430     5.77706     1.11179 
    11.712542     4.56777     0.87907 
    11.790397     4.83433     0.93037 
    11.862777     5.22194     1.00496 
    11.934429     4.87014     0.93726 
    12.002260     5.79994     1.11620 
    12.065532     5.49503     1.05752 
    12.128275     5.83976     1.12386 
    12.186280     6.37243     1.22637 
    12.242141     6.22524     1.19805 
    12.306674     4.80416     0.92456 
    12.369069     6.66721     1.28311 
    12.431276     4.78068     0.92004 
    12.487831     8.43344     1.62302 
    12.538215     5.71549     1.09995 
    12.597048     5.91191     1.13775 
    12.654498     5.93692     1.14256 
    12.708532     6.64683     1.27918 
    12.761656     6.08072     1.17024 
    12.811803     7.46718     1.43706 
    12.861234     6.19373     1.19198 
    12.925343     4.47613     0.86143 
    12.994443     5.17315     0.99557 
    13.046904     8.03384     1.54611 
    13.092771     6.46891     1.24494 
    13.142367     6.74806     1.29866 
    13.196943     5.36453     1.03240 
    13.258482     5.19569     0.99991 
    13.304191    11.12371     2.14076 
    13.339423     7.77585     1.49646 
    13.383629     6.83396     1.31520 
    13.429144     7.26472     1.39810 
    13.473692     7.07956     1.36246 
    13.518694     7.07111     1.36084 
    13.568472     5.80015     1.11624 
    13.621969     6.02104     1.15875 
    13.684237     4.35282     0.83770 
    13.748128     5.61768     1.08112 
    13.802024     5.96993     1.14891 
    13.857434     5.28568     1.01723 
    13.907803     7.34442     1.41343 
    13.958537     5.18276     0.99742 
    14.013789     6.00042     1.15478 
    14.053599    10.72231     2.06351 
    14.093013     6.06055     1.16635 
    14.138811     7.36185     1.41679 
    14.181628     6.83223     1.31486 
    14.228138     6.20554     1.19426 
    14.280407     5.38619     1.03657 
    14.335396     5.53983     1.06614 
    14.384273     6.84504     1.31733 
    14.425509     7.67183     1.47645 
    14.467842     6.47981     1.24704 
    14.511736     7.05874     1.35845 
    14.562541     4.94613     0.95188 
    14.618709     5.58026     1.07392 
    14.668007     6.37994     1.22782 
    14.724907     4.29915     0.82737 
    14.781227     6.49531     1.25002 
    14.823927     7.13256     1.37266 
    14.864112     7.27707     1.40047 
    14.909850     5.56944     1.07184 
    14.965496     4.82242     0.92807 
    15.013503     7.84767     1.51028 
    15.052989     6.71703     1.29269 
    15.100474     5.42342     1.04374 
    15.144544     7.95489     1.53092 
    15.186964     5.75462     1.10748 
    15.234434     6.16265     1.18600 
    15.283568     5.35576     1.03072 
    15.337948     4.97969     0.95834 
    15.390215     5.78421     1.11317 
    15.435308     6.64217     1.27829 
    15.477421     6.56162     1.26279 
    15.518661     6.89397     1.32675 
    15.563314     5.61882     1.08134 
    15.615783     4.93176     0.94912 
    15.664895     6.46571     1.24433 
    15.713316     5.02574     0.96720 
    15.767617     5.02934     0.96790 
    15.815926     6.40378     1.23241 
    15.861757     5.50245     1.05895 
    15.912685     5.13214     0.98768 
    15.971765     4.10503     0.79001 
    16.028185     5.66820     1.09085 
    16.073606     6.13986     1.18162 
    16.114246     7.06620     1.35989 
    16.160413     4.87050     0.93733 
    16.206202     7.16984     1.37984 
    16.251813     4.87504     0.93820 
    16.297614     7.05655     1.35803 
    16.337987     6.06309     1.16684 
    16.384982     5.18198     0.99727 
    16.433675     5.59035     1.07586 
    16.479559     5.79542     1.11533 
    16.527893     5.03145     0.96830 
    16.572278     6.98997     1.34522 
    16.608376     7.37149     1.41864 
    16.647816     5.89589     1.13467 
    16.690142     6.29921     1.21228 
    16.730289     6.51572     1.25395 
    16.769381     6.61067     1.27222 
    16.809618     6.12863     1.17946 
    16.848994     6.88558     1.32513 
    16.885338     7.13913     1.37393 
    16.924551     5.93536     1.14226 
    16.977418     4.02047     0.77374 
    17.032776     5.28226     1.01657 
    17.073287     7.56766     1.45640 
    17.110676     6.04863     1.16406 
    17.149628     6.88683     1.32537 
    17.185413     7.10668     1.36768 
    17.226436     5.32320     1.02445 
    17.273630     5.23437     1.00736 
    17.318823     5.78919     1.11413 
    17.357533     7.16345     1.37861 
    17.390798     7.72869     1.48739 
    17.424810     6.84056     1.31647 
    17.460820     6.84186     1.31672 
    17.501340     5.44808     1.04848 
    17.542083     6.72620     1.29446 
    17.581542     5.75132     1.10684 
    17.624059     5.73213     1.10315 
    17.664824     6.23831     1.20056 
    17.702199     6.78920     1.30658 
    17.740898     5.81666     1.11942 
    17.788756     4.46736     0.85974 
    17.835035     6.26073     1.20488 
    17.871847     6.84276     1.31689 
    17.908765     6.20038     1.19326 
    17.940072    10.01597     1.92757 
    17.972604     5.81042     1.11822 
    18.022694     4.03915     0.77733 
    18.069446     6.89862     1.32764 
    18.107090     5.81439     1.11898 
