#  rad density density_err 
     0.199917   157.26990    71.50166 
     0.343438    85.63388    40.28209 
     0.399805    49.27715     2.05203 
     0.553157    31.37947     2.62643 
     0.599582    26.34181     0.73013 
     0.767094    20.16720     0.55898 
     0.799556    19.43773     0.53876 
     0.981406    11.93014     3.77380 
     0.999652    14.34319     0.19847 
     1.199082    10.88042     1.84076 
     1.399100     7.39002     2.11637 
     1.599001     4.33157     1.30519 
     1.798245     2.07322     0.29123 
     1.999166     0.69286     0.33689 
     2.817173     0.43251     0.13677 
     5.053505     0.09946     0.03145 
     7.246470     0.19811     0.05973 
     8.604916     0.12352     0.03906 
     9.976011     0.12817     0.04053 
    11.175703     0.12334     0.03900 
    12.442920     0.10197     0.03074 
    13.976445     0.06749     0.02134 
    15.569631     0.06819     0.02156 
    17.068591     0.06221     0.01967 
