#  rad density density_err 
     0.317535    13.10506     4.14418 
     0.607608    13.25039     4.19014 
     0.794803    11.33196     3.58348 
     0.938466    15.33107     4.84811 
     1.068925     9.90645     3.13269 
     1.211271     9.77685     3.09171 
     1.340636     9.54802     3.01935 
     1.481717     6.80576     2.15217 
     1.703513     3.26936     1.03386 
     1.901438     7.60358     2.40446 
     2.072253     3.31697     1.04892 
     2.258510     4.99892     1.58080 
     2.464319     2.38625     0.75460 
     2.722782     2.37348     0.75056 
     2.982838     1.94849     0.61617 
     3.228519     2.26627     0.71666 
     3.392562     4.24304     1.34177 
     3.602476     1.42853     0.45174 
     3.927755     1.18726     0.37545 
     4.284978     0.99538     0.31477 
     4.669812     0.85953     0.27181 
     4.989152     1.31730     0.41657 
     5.295983     0.80894     0.25581 
     5.601030     1.19094     0.37661 
     5.794954     1.84013     0.58190 
     5.973380     1.28344     0.40586 
     6.206741     0.98958     0.31293 
     6.458107     1.01162     0.31990 
     6.669087     1.33809     0.42314 
     6.900399     0.81135     0.25657 
     7.171668     0.85929     0.27173 
     7.419315     0.90500     0.28619 
     7.659046     0.85715     0.27106 
     7.892876     0.89528     0.28311 
     8.102560     1.01179     0.31996 
     8.313048     0.84399     0.26689 
     8.534719     0.86133     0.27238 
     8.748623     0.86093     0.27225 
     8.924631     1.26738     0.40078 
     9.079219     1.04055     0.32905 
     9.321654     0.53961     0.17064 
     9.608466     0.64397     0.20364 
     9.807451     1.15294     0.36459 
     9.943381     1.22083     0.38606 
    10.118247     0.71948     0.22752 
    10.328108     0.76628     0.24232 
    10.533802     0.71848     0.22720 
    10.743136     0.71095     0.22482 
    10.885710     1.90444     0.60224 
    10.987262     1.14662     0.36259 
    11.087407     1.94088     0.61376 
    11.201059     0.92660     0.29302 
    11.333120     1.26772     0.40089 
    11.483972     0.72587     0.22954 
    11.632764     1.28279     0.40565 
    11.798799     0.59841     0.18923 
    11.977167     1.01189     0.31999 
    12.208269     0.39399     0.12459 
    12.434422     1.05415     0.33335 
    12.567534     0.87456     0.27656 
    12.703775     0.98123     0.31029 
    12.799095     1.97493     0.62453 
    12.882187     1.19694     0.37851 
    13.000674     0.91526     0.28943 
    13.127023     1.01932     0.32234 
    13.242692     1.06931     0.33815 
    13.388472     0.66348     0.20981 
    13.544306     0.88684     0.28044 
    13.692644     0.70798     0.22388 
    13.823910     1.17057     0.37017 
    13.945054     0.79293     0.25075 
    14.042323     2.23971     0.70826 
    14.110518     1.31481     0.41578 
    14.204317     1.10051     0.34801 
    14.317363     0.89447     0.28286 
    14.444957     0.84165     0.26615 
    14.586343     0.71850     0.22721 
    14.713235     1.06131     0.33562 
    14.841401     0.69450     0.21962 
    14.950761     1.65525     0.52343 
    15.031467     1.09044     0.34483 
    15.145243     0.80556     0.25474 
    15.304809     0.55114     0.17429 
    15.484584     0.60153     0.19022 
    15.626180     0.90678     0.28675 
    15.708558     1.93225     0.61103 
    15.795472     0.83003     0.26248 
    15.895594     1.26981     0.40155 
    16.034353     0.49962     0.15799 
    16.169746     1.36480     0.43159 
    16.266214     0.80985     0.25610 
    16.383385     0.85571     0.27060 
    16.487325     1.02306     0.32352 
    16.553225     2.56778     0.81200 
    16.633702     0.77470     0.24498 
    16.754421     0.80550     0.25472 
    16.906063     0.50790     0.16061 
    17.035415     1.27370     0.40278 
    17.122488     0.92218     0.29162 
    17.205703     1.40931     0.44566 
    17.279459     1.12495     0.35574 
    17.354030     1.36339     0.43114 
    17.423459     1.27593     0.40348 
    17.493202     1.34000     0.42375 
    17.568308     1.10054     0.34802 
    17.689954     0.55890     0.17674 
    17.815685     0.98725     0.31220 
