 Cluster          RA        DEC       R_Sun    R_GC     Mass         DM           V           M/L_V       rc     rh,l     rh,m    rt    rho_c  rho_h,m   sig_c   sig_h,m  lg Trh   MF   F_REM   sig0   vesc     etac   etah
  Name                                [kpc]   [kpc]    [Msun]      [Msun]       [mag]      [Msun/Lsun]   [pc]    [pc]     [pc]   [pc]  [Ms/pc3][Ms/pc3] [Ms/pc2] [Ms/pc2]  [yr]  Slope         [km/s] [km/s]               
NGC 104         6.02363  -72.08128    4.43     7.78   7.61e+05   5.03e+03    4.07   0.11   1.72   0.16   0.51    3.58     5.43   119.31    5.12    2.76    4.94    3.69    9.54  -0.47   0.52   12.2   49.7   -0.40  -0.04
NGC 288        13.18850  -26.58261    9.98    13.17   1.21e+05   3.49e+03    8.16   0.07   2.40   0.17   4.92    7.11     9.66    98.54    1.59    1.20    2.68    2.43    9.59  -0.44   0.68    3.3   11.1   -0.17  -0.09
NGC 362        15.80942  -70.84878    9.17    10.00   3.33e+05   4.88e+03    6.55   0.16   1.67   0.25   0.36    2.26     4.15   110.38    4.77    2.77    4.71    3.58    9.28  -0.88   0.49    8.8   31.7   -0.27  -0.09
Whiting 1      30.73750   -3.25278   31.30    36.05   1.51e+03   3.01e+02   14.91   0.44   0.47   0.10   2.38    7.61    11.36    38.14    0.30   -0.91    1.07    0.35    8.89  -0.04   0.51    0.3    1.3   -0.24  -0.06
NGC 1261       48.06754  -55.21622   15.49    17.62   1.86e+05   1.86e+04    8.57   0.18   2.36   0.42   1.24    3.07     4.88   122.10    3.30    2.29    3.79    3.19    9.26  -0.60   0.52    5.8   20.9   -0.27  -0.10
Pal 1          53.33350   79.58105   11.00    17.52   1.79e+03   3.55e+02   13.18   0.20   2.11   0.57   0.76    2.92     7.94    25.69    1.58   -0.34    1.81    0.76    8.80  -0.87   0.27    0.5    1.7   -0.23  -0.10
AM 1           58.75959  -49.61528  123.30   124.72   3.17e+04   6.33e+03   15.45   0.26   1.76   0.35   6.95   14.45    18.97   310.95    0.46   -0.26    1.68    1.24    9.72   1.29   0.72    1.2    4.2   -0.13   0.01
Eridanus       66.18542  -21.18694   90.10    95.37   1.11e+04   2.22e+03   14.90   0.26   0.70   0.14   8.67   15.88    20.84   138.51   -0.28   -0.83    1.06    0.71    9.58   1.08   0.72    0.7    2.3   -0.10   0.00
Pal 2          71.52462   31.38150   27.20    35.53   2.32e+05   4.24e+04   11.24   0.07   1.15   0.30   2.18    4.97     8.01   216.64    2.68    1.74    3.42    2.86    9.68  -0.86   0.36    5.0   18.8   -0.34  -0.07
NGC 1851       78.52816  -40.04655   11.33    16.39   2.83e+05   4.08e+03    7.24   0.09   1.92   0.14   0.06    1.65     2.74   117.77    6.58    3.22    5.69    3.85    8.88  -0.41   0.52   10.6   44.7   -0.42  -0.11
NGC 1904       81.04620  -24.52472   13.27    19.54   1.70e+05   1.10e+04    7.99   0.19   1.72   0.29   0.42    2.59     4.19   109.98    4.33    2.45    4.36    3.27    9.11  -0.41   0.51    6.5   26.3   -0.37  -0.11
NGC 2298      102.24754  -36.00531   10.80    16.18   4.53e+04   9.23e+03    9.42   0.13   1.79   0.38   0.78    2.96     4.06    86.51    3.17    1.91    3.47    2.73    8.77   0.14   0.67    3.2   12.3   -0.38  -0.13
NGC 2419      114.53529   38.88244   83.18    90.94   1.25e+06   1.82e+05   10.40   0.03   2.64   0.38   8.94   18.29    24.20   741.99    1.75    1.02    2.53     nan   10.78  -1.50   0.30   11.1   25.1    0.00   0.00
Pyxis         136.99083  -37.22139   39.40    41.53   2.27e+04   3.78e+03   13.14   0.19   1.38   0.34  14.77   18.32    24.31   113.88   -0.48   -0.72    1.09    0.91    9.89  -0.36   0.55    0.9    2.9   -0.07  -0.05
NGC 2808      138.01291  -64.86350   10.21    11.85   8.19e+05   5.89e+03    6.33   0.09   1.67   0.12   0.72    2.15     3.25   156.23    4.57    3.46    4.85    4.18    9.22  -0.48   0.53   15.0   57.1   -0.34  -0.10
E 3           140.23779  -77.28189    8.09     9.40   2.81e+03   5.57e+02   11.35   0.20   0.74   0.20   1.72    4.34     5.90    21.05    1.08    0.21    1.73    1.20    8.56   0.58   0.64    0.6    2.3   -0.27  -0.12
Pal 3         151.38292    0.07167   92.50    95.98   2.33e+04   4.45e+03   14.45   0.21   1.73   0.47  12.51   19.55    26.61   182.92   -0.37   -0.83    1.12    0.83    9.96  -0.31   0.50    0.9    2.8   -0.11  -0.03
NGC 3201      154.40343  -46.41248    4.60     9.11   1.34e+05   4.69e+03    6.88   0.20   2.35   0.40   1.74    3.62     6.24    71.68    2.72    1.82    3.38    2.83    9.42  -1.01   0.54    4.3   16.1   -0.34  -0.11
Pal 4         172.32000   28.97358  103.00   105.77   2.73e+04   1.16e+04   14.22   0.16   1.39   0.62  12.92   17.59    24.32   244.40   -0.29   -0.63    1.22    0.99   10.00  -0.86   0.43    1.0    3.3   -0.17  -0.05
Crater        174.06750  -10.87744  145.00   144.77   1.20e+04   2.34e+03   15.50   0.20   1.06   0.28  12.47   19.03    25.29   243.51   -0.63   -1.05    0.86    0.59    9.78   0.23   0.52    0.6    2.1   -0.09  -0.03
NGC 4147      182.52626   18.54264   18.20    20.58   3.18e+04   8.68e+03   10.38   0.11   1.46   0.43   0.42    2.48     3.36    82.79    3.77    2.01    3.76    2.73    8.52   0.22   0.58    3.0   12.3   -0.39  -0.10
NGC 4372      186.43918  -72.65900    5.76     7.47   2.19e+05   9.30e+03    7.23   0.01   1.99   0.09   4.19    5.83     8.50    76.55    2.04    1.63    3.07    2.80    9.69  -0.98   0.38    4.7   16.2   -0.20  -0.10
Rup 106       189.66750  -51.15028   21.20    18.45   3.78e+04   1.38e+04   10.90   0.20   1.28   0.52   5.10    7.77    10.43    80.45    1.02    0.60    2.13    1.85    9.40  -0.08   0.62    1.8    6.1   -0.20  -0.10
NGC 4590      189.86658  -26.74406   10.13    10.30   1.24e+05   1.17e+04    8.15   0.22   2.24   0.45   1.93    4.32     7.47    76.63    2.56    1.55    3.24    2.64    9.53  -1.06   0.44    3.8   14.4   -0.38  -0.09
NGC 4833      194.89134  -70.87650    6.24     7.28   1.76e+05   1.08e+04    6.91   0.20   1.24   0.24   1.68    4.86     7.14    72.66    2.82    1.82    3.46    2.87    9.46  -0.37   0.28    4.6   17.7   -0.33  -0.07
NGC 5024      198.23021   18.16816   17.90    18.56   3.44e+05   3.14e+04    7.71   0.10   1.44   0.18   2.17    6.23     9.97   156.92    2.81    1.62    3.53    2.83    9.91  -1.05   0.23    5.6   21.3   -0.31  -0.03
NGC 5053      199.11288   17.70025   17.20    17.80   5.65e+04   1.33e+04    7.71   0.10   1.66   0.50  11.00   13.41    19.01    87.62    0.28   -0.01    1.71    1.52   10.00  -1.12   0.32    1.6    5.3   -0.10  -0.07
NGC 5139      201.69684  -47.47958    5.24     6.74   3.40e+06   2.49e+04    3.53   0.11   2.73   0.25   4.14    7.11     3.50   197.74    3.26    2.64    4.23    3.85   10.36  -1.50   0.49   17.6   63.2   -0.06  -0.04
NGC 5272      205.54842   28.37728    9.59    11.86   3.79e+05   1.71e+04    6.40   0.16   1.65   0.23   0.96    3.20     5.06   121.00    3.93    2.55    4.26    3.46    9.40  -0.48   0.45    8.2   32.3   -0.39  -0.09
NGC 5286      206.61171  -51.37425   11.45     8.73   3.85e+05   1.80e+04    7.20   0.12   1.42   0.14   0.68    2.59     4.04   107.22    4.22    2.84    4.47    3.66    9.24  -0.55   0.46    9.4   36.6   -0.38  -0.11
AM 4          209.09042  -27.16750   32.20    27.53   1.02e+03   2.03e+02   16.78   0.81   5.18   4.36   6.59   10.01    18.87   112.19   -1.03   -1.74    0.19   -0.24    9.41  -1.74   0.25    0.2    0.8   -0.26  -0.10
NGC 5466      211.36371   28.53445   16.90    17.25   4.45e+04   1.04e+04    9.46   0.30   1.11   0.37   7.39   10.74    15.73    78.14    0.59    0.14    1.86    1.57    9.83  -1.07   0.14    1.6    5.4   -0.23  -0.08
NGC 5634      217.40512   -5.97642   27.20    22.91   2.15e+05   4.89e+04    9.65   0.27   2.34   0.76   0.77    4.71     7.83   182.71    3.94    1.73    4.06    2.82    9.65  -0.82   0.42    5.3   22.0   -0.36  -0.06
NGC 5694      219.90120  -26.53894   37.33    31.41   3.71e+05   3.74e+04   10.05   0.09   2.55   0.28   0.04    3.31     5.83   221.77    6.59    2.37    5.63    3.32    9.50  -0.80   0.43    8.9   35.5   -0.37  -0.08
IC 4499       225.07688  -82.21369   18.20    15.09   1.22e+05   2.02e+04    9.66   0.22   1.64   0.43   4.54    9.74    13.26   105.33    1.54    0.80    2.59    2.14    9.80  -0.25   0.54    2.8   10.2   -0.21  -0.03
NGC 5824      225.99429  -33.06822   31.80    25.28   7.43e+05   4.13e+04    8.70   0.04   1.70   0.11   0.08    3.74     6.77   273.66    6.49    2.46    5.69    3.48    9.78  -1.04   0.37   11.6   47.5   -0.39  -0.05
Pal 5         229.02187   -0.11161   23.20    18.33   1.69e+04   7.67e+03   11.82   0.22   2.02   0.97  18.25   24.72    32.82    60.80   -0.92   -1.24    0.73    0.52   10.04  -0.22   0.59    0.7    2.2   -0.11  -0.04
NGC 5897      229.35208  -21.01028   12.60     7.36   1.66e+05   1.69e+04    8.69   0.10   2.84   0.39   5.28    7.64    10.45    71.86    1.63    1.24    2.75    2.50    9.72  -0.54   0.56    3.7   12.6   -0.18  -0.10
NGC 5904      229.63841    2.08103    7.57     6.45   3.66e+05   6.04e+03    5.83   0.16   1.47   0.19   1.19    3.64     5.40    79.09    3.67    2.45    4.10    3.39    9.40  -0.29   0.59    7.8   30.0   -0.33  -0.08
NGC 5927      232.00287  -50.67303    9.08     4.84   2.54e+05   2.21e+03    7.74   0.39   1.99   0.28   1.41    3.96     5.46    61.87    3.27    2.28    3.82    3.23    9.30  -0.03   0.54    6.4   23.0   -0.24  -0.05
NGC 5946      233.86883  -50.65967   10.60     5.74   1.15e+05   2.19e+04    9.61   0.20   1.80   0.40   0.33    2.12     2.78    58.02    4.59    2.80    4.48    3.45    8.69   0.37   0.64    6.4   25.4   -0.37  -0.12
NGC 5986      236.51250  -37.78641   10.56     4.79   3.32e+05   2.50e+04    7.74   0.15   1.96   0.28   1.31    2.85     4.17    62.63    3.53    2.74    4.06    3.57    9.21  -0.36   0.54    8.3   30.4   -0.33  -0.11
FSR 1716      242.62500  -53.74889    7.50     4.29   5.23e+04   2.77e+04   13.50   0.50   4.38   5.18   2.20    4.16     6.38    32.94    2.10    1.38    2.85    2.42    9.21  -0.77   0.46    2.6    9.8   -0.34  -0.12
Pal 14        242.75250   14.95778   71.00    65.80   1.56e+04   3.03e+03   14.11   0.24   1.47   0.43  16.17   23.46    31.20    97.04   -0.84   -1.21    0.77    0.53    9.99  -0.23   0.56    0.7    2.2   -0.12  -0.03
Lynga 7       242.76521  -55.31777    8.00     4.48   1.01e+05   2.11e+04   10.18   0.20   2.73   0.76   2.14    4.19     5.33    42.52    2.49    1.90    3.22    2.86    9.05   1.13   0.72    4.0   14.2   -0.17  -0.05
NGC 6093      244.26004  -22.97608    8.86     3.15   2.80e+05   8.31e+03    7.35   0.13   2.26   0.22   0.20    1.55     2.49    49.24    5.51    3.35    5.18    3.94    8.79  -0.16   0.47   10.9   45.5   -0.41  -0.11
NGC 6121      245.89674  -26.52575    1.93     6.66   9.09e+04   1.58e+03    5.63   0.09   1.90   0.11   0.53    2.63     3.98    51.06    3.85    2.24    3.98    3.05    8.94  -0.25   0.56    4.7   18.8   -0.38  -0.10
NGC 6101      246.45048  -72.20219   16.07    11.66   1.27e+05   2.53e+04    8.70   0.20   3.02   1.79   6.08   10.62    15.33    94.96    1.24    0.62    2.42    2.04   10.00  -1.01   0.37    2.7    9.4   -0.28  -0.05
NGC 6144      246.80777  -26.02350    8.90     2.69   5.27e+04   1.92e+04    9.01   0.25   1.12   0.44   1.90    4.39     6.05    27.72    2.25    1.46    2.94    2.46    9.10  -0.04   0.50    2.7   10.1   -0.34  -0.11
NGC 6139      246.91821  -38.84875    9.80     3.27   3.41e+05   5.25e+04    8.95   0.13   2.03   0.33   0.30    1.96     2.61    52.51    5.23    3.36    5.06    3.98    8.83   0.24   0.62   11.5   46.7   -0.37  -0.08
Ter 3         247.16700  -35.35347    8.10     2.55   5.02e+04   1.89e+04   12.00   0.20   7.10   2.98   2.38    5.31     7.98    25.57    1.92    1.07    2.70    2.20    9.34  -0.62   0.48    2.3    8.8   -0.37  -0.11
NGC 6171      248.13275  -13.05378    6.03     3.80   8.83e+04   5.20e+03    8.18   0.31   2.24   0.62   0.86    3.08     4.23    37.41    3.35    2.15    3.70    2.98    8.95   0.08   0.73    4.3   16.8   -0.34  -0.10
ESO 452-SC11  249.85417  -28.39917    6.50     2.74   3.84e+03   1.97e+03   12.05   0.20   1.76   0.96   0.10    1.24     1.92     9.32    4.62    1.82    3.85    2.30    7.68  -0.21   0.56    1.5    6.5   -0.38  -0.14
NGC 6205      250.42181   36.45986    6.77     8.56   4.61e+05   1.97e+04    5.80   0.10   2.53   0.20   1.61    3.16     4.70   124.32    3.45    2.73    4.06    3.62    9.39  -0.62   0.56    9.2   33.3   -0.32  -0.10
NGC 6229      251.74496   47.52775   30.62    29.97   2.92e+05   9.41e+04    9.43   0.16   2.04   0.72   1.16    3.18     5.01   198.40    3.54    2.45    4.01    3.36    9.35  -0.63   0.47    7.1   27.3   -0.37  -0.10
NGC 6218      251.80907   -1.94853    4.67     5.06   8.11e+04   4.05e+03    6.92   0.28   1.49   0.34   0.18    2.56     3.92    41.97    5.65    2.21    4.86    3.01    8.90  -0.44   0.48    5.0   19.3   -0.33  -0.12
FSR 1735      253.04417  -47.05806    9.80     3.56   5.72e+04               12.9          1.80          1.47    4.35     6.76    27.24    2.48    1.35    3.06    2.39    9.24  -0.54   0.49    2.7   10.6   -0.37  -0.10
NGC 6235      253.35546  -22.17744   13.52     5.62   1.11e+05   3.57e+04    9.81   0.19   2.87   1.06   1.42    3.76     5.76    90.44    2.85    1.85    3.42    2.83    9.25  -0.52   0.49    4.1   15.7   -0.33  -0.10
NGC 6254      254.28772   -4.10031    4.96     4.69   1.88e+05   3.98e+03    6.42   0.38   1.79   0.06   0.90    2.91     4.46    52.95    3.62    2.41    3.98    3.26    9.16  -0.47   0.49    6.2   23.8   -0.34  -0.11
NGC 6256      254.88592  -37.12139    6.40     2.65   1.02e+05   3.22e+04   10.95   0.47   3.15   1.72   0.08    2.46     3.60    28.73    5.84    2.42    5.02    3.20    8.92  -0.31   0.57    5.6   23.3   -0.37  -0.14
Pal 15        254.96250   -0.53889   45.10    38.02   4.21e+04   8.26e+03   13.65   0.19   2.67   0.70  12.73   19.75    26.94   109.84   -0.12   -0.59    1.37    1.08   10.12  -0.52   0.45    1.2    4.0   -0.16  -0.03
NGC 6266      255.30333  -30.11372    6.41     2.44   6.74e+05   5.03e+03    6.45   0.12   2.50   0.21   0.36    1.81     2.81    49.32    5.21    3.57    5.17    4.21    9.08  -0.30   0.53   15.3   60.9   -0.36  -0.11
NGC 6273      255.65749  -26.26797    8.27     1.46   6.57e+05   3.38e+04    6.80   0.05   2.00   0.13   1.00    3.12     4.19    40.40    4.13    3.03    4.52    3.86    9.28   0.32   0.66   11.8   44.8   -0.30  -0.04
NGC 6284      256.11879  -24.76486   15.14     6.93   2.51e+05   4.43e+04    8.71   0.20   1.59   0.49   0.47    2.60     4.52    67.05    4.36    2.53    4.42    3.38    9.28  -0.73   0.44    7.3   29.4   -0.39  -0.11
NGC 6287      256.28805  -22.70836    9.40     1.94   1.33e+05   2.84e+04    9.42   0.06   1.88   0.41   0.43    2.24     3.22    26.69    4.26    2.69    4.31    3.40    8.83  -0.13   0.59    6.3   24.7   -0.35  -0.12
NGC 6293      257.54250  -26.58208    9.80     1.46   2.65e+05   2.12e+04    8.11   0.16   2.50   0.42   0.29    4.71     6.85    23.14    5.90    2.02    5.04    3.05    9.53  -0.44   0.53    6.8   27.2   -0.37  -0.08
NGC 6304      258.63440  -29.46203    5.77     2.85   1.46e+05   1.32e+04    8.10   0.17   1.92   0.35   0.44    3.19     5.63    34.12    4.56    2.02    4.24    2.97    9.33  -0.84   0.12    5.0   21.2   -0.36  -0.09
NGC 6316      259.15542  -28.14011   11.60     3.29   3.77e+05   6.50e+04    8.69   0.33   2.11   0.75   0.58    2.71     4.43    60.68    4.42    2.71    4.55    3.56    9.31  -0.56   0.47    9.0   36.2   -0.38  -0.08
NGC 6341      259.28076   43.13594    8.44    10.00   3.11e+05   3.71e+03    6.51   0.06   1.94   0.09   0.63    2.37     4.13   112.60    5.15    2.73    4.78    3.55    9.26  -0.67   0.56    8.7   33.9   -0.33  -0.12
NGC 6325      259.49671  -23.76600    7.80     1.34   7.53e+04   1.55e+04   10.49   0.23   1.71   0.51   0.33    1.40     1.68    17.96    4.52    3.28    4.46    3.71    8.21   1.94   0.76    6.4   24.6   -0.36  -0.11
NGC 6333      259.79694  -18.51594    8.40     1.78   3.06e+05   2.44e+04    7.77   0.06   2.21   0.21   0.92    2.76     4.23    44.55    3.82    2.69    4.20    3.52    9.22  -0.42   0.53    8.1   30.7   -0.35  -0.11
NGC 6342      260.29200  -19.58742    8.43     1.61   6.08e+04   1.35e+04   10.34   0.96   3.70   1.62   0.25    1.53     1.91    18.58    4.75    3.02    4.52    3.50    8.22   1.57   0.77    5.6   22.5   -0.36  -0.08
NGC 6356      260.89554  -17.81303   15.10     7.03   3.80e+05   1.30e+05    8.20   0.11   1.54   0.55   1.13    3.72     5.92    89.58    3.71    2.35    4.11    3.33    9.53  -0.80   0.43    7.6   29.9   -0.35  -0.06
NGC 6355      260.99412  -26.35342    8.70     0.84   1.26e+05   2.93e+04    9.28   0.20   1.01   0.30   0.27    2.22     2.99    17.53    4.82    2.76    4.60    3.43    8.78   0.28   0.64    6.6   26.3   -0.36  -0.12
NGC 6352      261.37128  -48.42217    5.89     3.57   6.06e+04   5.84e+03    7.91   0.06   1.60   0.21   0.67    3.30     4.62    30.65    3.48    1.87    3.66    2.74    8.95  -0.18   0.62    3.5   13.9   -0.36  -0.11
IC 1257       261.78543   -7.09305   25.00    17.43   6.44e+04               13.1          1.80          1.83   12.57    19.77   124.85    1.96    0.05    2.64    1.52   10.00  -0.80   0.41    1.9    7.5   -0.39   0.01
Ter 2         261.88792  -30.80233    7.50     1.17   3.32e+04               14.3          1.80          0.08    2.13     2.89     9.06    6.32    2.22    5.06    2.88    8.47   0.23   0.64    3.9   15.9   -0.35  -0.11
NGC 6366      261.93436   -5.07986    3.66     5.38   5.03e+04   3.12e+03    8.76   0.33   2.02   0.60   2.13    3.93     5.29    37.88    2.19    1.61    2.93    2.57    8.99   0.05   0.78    2.9   10.3   -0.28  -0.12
Ter 4         262.66251  -31.59553    6.70     1.88   7.60e+04   1.49e+04   16.00   0.20  14.67   3.96   0.45    3.30     4.06    13.93    3.93    2.15    4.00    2.95    8.82   1.74   0.73    4.4   17.6   -0.35  -0.03
HP 1          262.77167  -29.98167    6.80     1.76   1.54e+05   4.10e+04   11.59   0.20   7.00   2.27   0.69    3.62     5.25    21.90    3.99    2.14    4.04    3.05    9.21  -0.28   0.56    5.3   21.3   -0.38  -0.08
NGC 6362      262.97909  -67.04833    7.36     5.30   1.13e+05   3.07e+03    7.67   0.10   2.36   0.13   2.75    4.92     7.02    49.40    2.20    1.59    3.04    2.66    9.38  -0.47   0.64    3.7   13.3   -0.29  -0.10
Liller 1      263.35233  -33.38956    8.10     0.85   6.56e+05   1.20e+05   15.40   0.10   1.45   0.30   0.12    0.94     1.29    26.83    6.54    4.56    6.00    4.87    8.46   0.11   0.62    4.5   89.0   -0.34  -0.10
NGC 6380      263.61670  -39.06920    9.80     2.10   3.06e+05   8.72e+04   10.47   1.19   2.07   2.81   0.86    3.27     4.04    55.16    3.96    2.75    4.28    3.56    9.09   1.68   0.75    8.3   31.7   -0.27  -0.04
Ter 1         263.94630  -30.48100    6.70     1.83   3.00e+05   6.84e+04   15.90   0.17   4.33   2.29   1.41    2.90     4.20    16.49    3.42    2.69    3.98    3.53    9.19  -0.30   0.55    7.8   28.6   -0.30  -0.10
Ton 2         264.04375  -38.55333    6.40     2.45   2.65e+04   1.47e+04   12.24   0.30   1.75   1.09   0.54    2.10     3.22    20.14    3.35    1.98    3.50    2.70    8.49  -0.42   0.52    2.8   10.7   -0.37  -0.11
NGC 6388      264.07178  -44.73550   10.74     3.47   1.05e+06   9.12e+03    6.76   0.13   1.89   0.23   0.27    2.42     3.60    85.60    6.11    3.44    5.64    4.19    9.32  -0.14   0.50   17.8   72.8   -0.38  -0.06
NGC 6402      264.40039   -3.24592    9.31     4.05   7.49e+05   3.85e+04    7.66   0.08   2.13   0.18   2.28    3.58     5.34    84.44    3.31    2.77    4.06    3.73    9.60  -0.86   0.40   10.9   38.4   -0.25  -0.09
NGC 6401      264.65250  -23.90950    7.70     1.09   2.83e+05   5.28e+04    9.47   0.02   1.50   0.31   0.55    2.33     3.54    17.06    4.34    2.89    4.49    3.65    9.09  -0.44   0.53    8.6   33.9   -0.37  -0.11
NGC 6397      265.17539  -53.67433    2.44     6.36   8.87e+04   1.13e+03    5.77   0.18   2.23   0.35   0.03    2.13     3.49    50.64    6.61    2.40    5.41    3.14    8.80  -0.52   0.54    5.4   21.6   -0.37  -0.11
Pal 6         265.92583  -26.22250    5.80     2.72   1.36e+05   5.40e+04   11.32   0.33   2.52   1.27   0.40    2.25     3.14    33.34    4.37    2.73    4.37    3.43    8.83  -0.10   0.61    6.4   25.3   -0.43  -0.12
NGC 6426      266.22771    3.17014   35.30    28.46   7.07e+04   1.27e+04   11.10   0.13   0.66   0.14   5.11    8.66    12.18   149.23    1.24    0.67    2.34    1.98    9.68  -0.57   0.48    2.2    7.8   -0.24  -0.08
Djor 1        266.86792  -33.06556   13.70     5.26   9.99e+04               13.6          1.80          1.12    4.81     7.21   178.72    2.86    1.53    3.37    2.60    9.35  -0.62   0.48    3.3   13.2   -0.39  -0.08
Ter 5         267.02020  -24.77905    5.50     3.04   3.89e+05   4.18e+04   11.65   0.10   1.04   0.20   0.21    1.37     1.87    38.14    5.66    3.86    5.37    4.33    8.63   0.16   0.63   14.3   56.3   -0.35  -0.10
NGC 6440      267.21958  -20.36025    8.24     1.28   3.83e+05   5.14e+04    9.37   0.14   1.76   0.33   0.29    1.22     1.69    34.91    5.38    3.98    5.23    4.41    8.53   0.10   0.61   14.5   56.8   -0.35  -0.10
NGC 6441      267.55441  -37.05145   11.83     3.62   1.17e+06   1.06e+04    7.16   0.11   2.01   0.13   0.39    2.01     3.19    99.36    5.45    3.64    5.39    4.34    9.28  -0.41   0.50   18.9   75.9   -0.38  -0.08
Ter 6         267.69325  -31.27539    6.70     1.83   1.02e+05   4.69e+04   13.69   0.23   1.00   0.51   0.09    1.51     2.04    19.33    6.13    3.15    5.31    3.66    8.38   0.26   0.63    7.9   33.1   -0.38  -0.08
NGC 6453      267.71542  -34.59917   11.60     3.26   3.21e+05   1.01e+05   10.08   0.30   4.87   2.05   0.72    5.19     6.73    47.85    3.89    2.16    4.19    3.16    9.45   0.42   0.70    6.9   27.1   -0.37  -0.02
UKS 1         268.61331  -24.14528    7.80     1.02   7.73e+04               17.3          1.80          0.43    2.00     2.92    12.05    4.09    2.62    4.13    3.27    8.65  -0.17   0.59    5.0   19.8   -0.35  -0.13
NGC 6496      269.76535  -44.26595   11.30     3.86   4.35e+04   5.53e+03    8.91   0.69   0.95   0.56   2.67    5.11     6.95    45.56    1.81    1.19    2.64    2.26    9.15   0.07   0.60    2.3    7.9   -0.22  -0.10
Ter 9         270.41167  -26.83972    7.10     1.51   4.38e+03               15.9          1.80          0.15    2.67     3.52    11.86    4.20    1.07    3.50    1.82    8.17   0.45   0.65    1.2    5.2   -0.43  -0.10
Djor 2        270.45458  -27.82583    6.30     2.25   6.31e+04   3.42e+04    9.90   0.20   1.17   0.67   0.31    2.30     3.25    22.02    4.26    2.40    4.16    3.09    8.67  -0.07   0.61    4.4   17.4   -0.34  -0.11
NGC 6517      270.46050   -8.95878   10.60     3.96   3.64e+05   7.41e+04   10.43   0.29   2.62   0.89   0.16    1.92     2.61    54.73    5.78    3.39    5.37    4.00    8.87   0.30   0.66   12.6   51.9   -0.37  -0.10
NGC 6522      270.89175  -30.03397    5.80     0.77   3.64e+05   3.94e+04    8.06   0.30   2.85   0.86   0.12    4.29     7.38    17.47    5.63    2.08    5.09    3.12    9.67  -0.85   0.42    7.9   33.0   -0.40  -0.05
Ter 10        270.90164  -26.07250    8.00     2.77   5.25e+04               14.9          1.80          0.62    2.99     4.38    21.92    3.41    1.89    3.62    2.73    8.90  -0.22   0.58    3.4   13.4   -0.38  -0.12
NGC 6535      270.96045   -0.29764    6.50     4.22   9.42e+03   1.50e+03   11.14   0.57   2.83   1.43   0.08    2.73     3.71    19.49    4.60    1.34    3.92    2.11    8.37   0.02   0.63    1.7    7.1   -0.37  -0.13
NGC 6528      271.20683  -30.05628    7.45     1.21   9.40e+04   1.77e+04    9.35   0.31   2.37   0.76   0.15    2.10     2.90    10.11    5.54    2.69    4.90    3.33    8.61  -0.02   0.60    6.3   26.5   -0.39  -0.05
NGC 6539      271.20700   -7.58586    7.85     3.16   2.49e+05   3.23e+04    9.55   0.20   1.77   0.44   0.86    3.82     6.23    46.72    3.73    2.10    4.01    3.10    9.48  -0.80   0.43    6.0   24.4   -0.40  -0.07
NGC 6540      271.53583  -27.76528    5.20     3.34   4.91e+04   1.37e+04    9.30   0.30   1.71   0.57   0.43    2.61     4.00    25.09    3.76    1.96    3.81    2.78    8.85  -0.48   0.54    3.5   14.3   -0.40  -0.12
NGC 6544      271.83575  -24.99733    2.60     5.92   1.16e+05   1.10e+04    7.81   0.10   3.07   0.41   0.16    2.43     3.30    53.71    6.28    2.58    5.08    3.30    8.77   0.14   0.56    6.6   27.3   -0.42  -0.06
NGC 6541      272.00983  -43.71489    7.95     2.28   2.50e+05   7.76e+03    6.66   0.38   1.52   0.53   0.14    2.39     3.90    40.32    6.00    2.72    5.31    3.50    9.12  -0.38   0.49    8.7   36.1   -0.37  -0.10
2MASS-GC01    272.09085  -19.82972    3.60     5.00   4.29e+04               27.7          1.80          0.54    3.66     4.88    34.22    3.40    1.65    3.56    2.54    8.88   0.00   0.62    3.0   12.1   -0.38  -0.07
ESO 280-SC06  272.27500  -46.42333   22.90    15.05   2.57e+04   2.00e+04   12.00   0.20   2.96   2.37   2.96    7.57    10.93    66.06    1.26    0.38    2.17    1.65    9.41  -0.66   0.48    1.3    5.2   -0.30  -0.07
NGC 6553      272.32333  -25.90869    6.75     1.92   3.31e+05   2.03e+04    7.96   0.13   2.33   0.31   0.86    2.88     4.28    32.86    3.91    2.71    4.26    3.55    9.23  -0.36   0.54    8.3   32.2   -0.37  -0.10
2MASS-GC02    272.40210  -20.77889    7.10     1.93   2.55e+04               24.6          1.80          0.56    2.84     3.82    13.33    3.23    1.74    3.39    2.54    8.64  -0.02   0.64    2.5    9.8   -0.44  -0.12
NGC 6558      272.57333  -31.76389    7.20     1.54   3.67e+04   8.24e+03    9.26   0.10   1.20   0.29   0.46    2.02     2.73    22.99    3.71    2.34    3.79    2.98    8.43   0.30   0.65    3.5   13.9   -0.37  -0.11
IC 1276       272.68417   -7.20761    5.39     4.08   9.28e+04   2.49e+04   10.08   0.23   1.87   0.64   1.59    4.11     6.40    37.35    2.64    1.63    3.25    2.64    9.31  -0.55   0.47    3.6   13.5   -0.37  -0.11
Ter 12        273.06583  -22.74194    3.40     5.16   1.36e+03               15.6          1.80          0.16    0.91     1.06    10.65    3.63    2.13    3.24    2.36    6.98   1.07   0.74    1.1    4.4   -0.36  -0.11
NGC 6569      273.41167  -31.82689   10.59     2.37   2.33e+05   2.44e+04    8.78   0.20   1.96   0.42   0.96    2.63     4.03    39.16    3.68    2.63    4.08    3.45    9.13  -0.44   0.51    7.1   27.1   -0.35  -0.10
BH 261        273.52750  -28.63500    6.50     2.16   3.10e+04   9.60e+03   11.00   0.20   7.76   2.80   0.18    1.45     1.98    22.21    6.17    2.68    4.94    3.18    8.13   0.26   0.65    4.1   16.5   -0.39  -0.10
NGC 6584      274.65665  -52.21578   13.18     6.43   1.72e+05   4.33e+04    8.62   0.30   2.12   0.74   0.87    4.25     6.71    59.30    3.59    1.83    3.87    2.87    9.47  -0.58   0.67    5.0   20.0   -0.40  -0.09
NGC 6624      275.91879  -30.36103    6.40     1.74   7.76e+04   2.05e+03    7.78   0.13   1.03   0.13   0.14    1.64     1.95    15.36    5.30    3.10    4.88    3.57    8.23   1.49   0.69    6.9   28.1   -0.41  -0.03
NGC 6626      276.13671  -24.86978    5.43     3.27   2.98e+05   1.56e+04    6.70   0.13   1.82   0.24   0.17    1.77     2.62    43.08    5.63    3.33    5.24    3.93    8.84  -0.17   0.59   11.1   45.7   -0.40  -0.12
NGC 6638      277.73373  -25.49747   10.32     2.52   1.82e+05   2.93e+04    8.96   0.07   2.39   0.41   0.47    1.98     2.87    43.02    4.37    2.97    4.46    3.63    8.80  -0.13   0.58    7.7   30.2   -0.35  -0.12
NGC 6637      277.84625  -32.34808    8.80     1.60   1.46e+05   1.84e+04    7.60   0.04   0.82   0.17   0.69    2.37     3.22    30.12    3.88    2.72    4.13    3.44    8.84   0.19   0.66    6.4   24.5   -0.30  -0.11
NGC 6642      277.97542  -23.47519    8.05     1.75   3.81e+04   1.10e+04    9.05   0.12   0.78   0.24   0.13    1.53     2.09    16.79    5.02    2.70    4.55    3.22    8.19   0.02   0.62    4.4   18.0   -0.39  -0.11
NGC 6652      278.94012  -32.99072   10.00     2.38   6.28e+04   1.44e+04    8.87   0.24   2.01   0.64   0.18    1.53     1.84    20.55    5.06    3.08    4.70    3.55    8.21   1.03   0.73    6.0   24.2   -0.38  -0.10
NGC 6656      279.09976  -23.90475    3.23     5.39   4.05e+05   4.01e+03    5.07   0.07   1.93   0.07   0.92    3.09     4.97    74.42    4.00    2.60    4.30    3.50    9.42  -0.71   0.61    8.6   33.8   -0.36  -0.09
Pal 8         280.37457  -19.82583   12.80     5.15   9.21e+04   5.69e+04   11.02   0.20   6.78   4.37   2.35    6.56     9.54    44.12    2.09    1.13    2.88    2.35    9.65  -0.85   0.48    2.7   10.7   -0.33  -0.09
NGC 6681      280.80316  -32.29211    9.31     2.15   1.15e+05   1.67e+03    7.98   0.15   1.98   0.28   0.05    2.09     2.93    28.13    6.27    2.75    5.36    3.41    8.72   0.20   0.66    7.0   28.8   -0.38  -0.12
NGC 6712      283.26792   -8.70611    6.95     3.75   1.19e+05   7.81e+03    7.97   0.21   1.24   0.25   1.23    2.99     4.51    36.47    3.11    2.20    3.62    3.06    9.06  -0.37   0.52    4.8   17.9   -0.33  -0.11
NGC 6715      283.76385  -30.47986   24.13    16.08   1.58e+06   1.88e+04    7.47   0.10   2.17   0.10   0.61    3.29     5.74   248.31    5.22    3.00    5.20    3.96    9.81  -1.06   0.36   16.9   69.3   -0.37  -0.03
NGC 6717      283.77518  -22.70147    7.10     2.67   1.77e+04   2.97e+03    9.16   0.17   1.01   0.23   0.20    3.69     4.28    16.87    4.06    1.43    3.78    2.26    8.60   1.20   0.75    2.3    9.5   -0.33  -0.05
NGC 6723      284.88812  -36.63225    8.30     2.53   1.70e+05   1.15e+04    7.11   0.17   1.86   0.29   1.72    3.54     4.88    36.99    2.94    2.24    3.58    3.15    9.16   0.03   0.62    5.5   19.7   -0.32  -0.12
NGC 6749      286.31375    1.90083    7.80     5.11   8.00e+04   4.37e+04   12.44   0.20   2.05   1.18   1.55    4.19     6.14    44.49    2.61    1.62    3.22    2.62    9.22  -0.35   0.53    3.4   12.9   -0.37  -0.09
NGC 6752      287.71710  -59.98455    4.25     5.53   2.29e+05   3.27e+03    5.52   0.17   2.14   0.34   0.15    2.38     4.01    61.97    5.54    2.63    5.05    3.43    9.15  -0.42   0.64    8.3   34.6   -0.37  -0.11
NGC 6760      287.80004    1.03047    7.95     5.15   2.71e+05   3.75e+04    8.94   0.07   2.12   0.32   0.80    3.00     4.64    72.78    3.93    2.52    4.21    3.39    9.26  -0.42   0.51    7.3   28.9   -0.37  -0.09
NGC 6779      289.14819   30.18347    9.68     9.55   1.52e+05   1.72e+04    8.08   0.19   1.67   0.31   1.11    3.27     5.28    80.05    3.27    2.10    3.72    3.03    9.28  -0.78   0.50    5.0   19.6   -0.37  -0.11
Ter 7         289.43298  -34.65772   22.80    15.12   2.06e+04   3.75e+03   11.66   0.50   1.74   0.89   2.98    5.95    10.16    65.36    1.23    0.38    2.11    1.60    9.40  -0.89   0.33    1.3    4.7   -0.22  -0.07
Pal 10        289.50873   18.57167    5.90     6.78   5.50e+04   3.04e+04   12.34   1.52   1.42   1.04   1.16    2.53     3.46    45.67    2.94    2.20    3.42    2.96    8.66   0.02   0.61    3.7   13.6   -0.28  -0.12
Arp 2         292.18381  -30.35564   28.60    20.99   3.71e+04   6.07e+03   12.60   0.21   4.38   1.11   9.34   14.56    18.92    95.05    0.24   -0.18    1.60    1.33    9.78   0.03   0.63    1.3    4.4   -0.14  -0.05
NGC 6809      294.99878  -30.96475    5.30     4.31   1.87e+05   7.09e+03    6.63   0.24   2.79   0.55   2.58    4.35     6.60    50.06    2.50    1.89    3.32    2.94    9.49  -0.89   0.54    4.9   17.6   -0.26  -0.10
Ter 8         295.43503  -33.99947   26.73    19.38   6.41e+04   8.83e+02   12.11   0.32   3.44   1.30  12.18   15.18    20.50   103.76    0.21   -0.05    1.70    1.51   10.02  -0.68   0.45    1.7    5.4   -0.13  -0.07
Pal 11        296.31000   -8.00722   14.30     8.82   6.13e+04   4.82e+04    8.80   0.58   0.94   0.76   4.96    6.75     9.57    66.96    1.29    0.92    2.39    2.14    9.46  -0.75   0.42    2.4    7.9   -0.20  -0.08
NGC 6838      298.44373   18.77919    3.99     7.15   5.32e+04   2.76e+03    7.91   0.39   2.80   1.04   0.96    4.13     5.49    45.48    2.89    1.58    3.30    2.54    9.02   0.01   0.54    2.9   11.6   -0.37  -0.08
NGC 6864      301.51954  -21.92117   21.61    15.13   4.00e+05   7.55e+04    8.58   0.10   1.72   0.36   0.39    2.14     3.10   173.13    4.91    3.21    4.89    3.90    9.00   0.10   0.64   11.3   45.3   -0.37  -0.09
NGC 6934      308.54739    7.40447   15.40    12.54   1.78e+05   3.25e+04    8.72   0.11   2.21   0.41   1.24    2.89     5.12   105.87    3.24    2.21    3.75    3.13    9.32  -0.96   0.63    5.5   21.1   -0.36  -0.12
NGC 6981      313.36542  -12.53730   17.00    12.74   7.47e+04   1.41e+04    9.26   0.09   1.33   0.27   1.85    4.23     6.41    63.85    2.40    1.53    3.08    2.55    9.25  -0.44   0.51    3.2   11.9   -0.32  -0.10
NGC 7006      315.37242   16.18733   42.80    40.01   1.26e+05   2.25e+04   10.87   0.08   1.46   0.28   2.23    5.71     8.61   168.59    2.41    1.37    3.13    2.52    9.55  -0.63   0.47    3.6   13.6   -0.33  -0.07
NGC 7078      322.49304   12.16700   10.22    10.56   4.97e+05   5.11e+03    6.13   0.10   1.19   0.11   0.02    1.96     3.31   129.71    7.52    3.25    6.29    3.95    9.11  -0.53   0.39   13.6   54.1   -0.35  -0.09
NGC 7089      323.36258   -0.82325   10.51     9.81   5.09e+05   9.75e+03    6.43   0.03   1.70   0.06   0.65    2.74     4.16    79.22    4.51    2.93    4.66    3.75    9.30  -0.42   0.40   10.7   42.5   -0.38  -0.09
NGC 7099      325.09213  -23.17986    8.00     7.31   1.31e+05   7.39e+03    7.25   0.24   1.86   0.39   0.06    2.41     4.75    73.45    5.90    2.17    5.08    3.05    9.23  -1.02   0.45    5.6   23.1   -0.42  -0.14
Pal 12        326.66180  -21.25261   19.00    15.68   5.78e+03   1.12e+03   12.27   0.33   1.43   0.52   3.44    6.96     9.65    42.70    0.58   -0.11    1.52    1.09    9.03   0.12   0.57    0.7    2.5   -0.21  -0.10
Pal 13        346.68517   12.77200   24.80    25.92   3.13e+03   5.61e+02   14.54   0.55   1.22   0.25   2.70   11.00    13.74    35.68    0.48   -0.84    1.28    0.50    9.12   1.13   0.72    0.5    1.8   -0.27   0.00
NGC 7492      347.11096  -15.61150   26.55    25.63   3.24e+04   9.61e+03   11.09   0.04   1.35   0.40   4.28    7.51    11.22   110.07    1.07    0.44    2.10    1.71    9.52  -0.80   0.42    1.6    5.6   -0.30  -0.10
