Arp 2          48.57  2.30  0.45  0.36   RV
Arp 2         135.72  1.73  0.40  0.33   RV
BH 261         18.19  4.43  1.04  0.77  GDR2
BH 261         48.50  2.39  0.87  0.60  GDR2
BH 261        110.32  1.94  0.90  0.55  GDR2
Crater         21.35  1.93  0.97  0.71   RV
Djor 2         66.93  2.12  1.29  2.12  GDR2
Djor 2        159.60  3.78  1.27  0.91   RV
E 3            88.46  1.16  0.67  0.57   RV
E 3            92.44  0.00  0.82  0.00  GDR2
ESO 280-SC06   49.98  1.22  0.55  0.40   RV
ESO 452-SC11   39.55  1.16  0.36  0.25   RV
ESO 452-SC11   50.49  0.73  1.04  0.73  GDR2
FSR 1716       82.37  3.48  1.65  1.53  GDR2
FSR 1716      107.48  2.06  0.77  0.57   RV
HP 1           31.77  4.91  0.90  0.71   RV
HP 1           82.33  4.98  1.22  1.03  GDR2
IC 1276        47.86  3.61  0.79  0.78  GDR2
IC 1276        90.26  3.58  1.11  1.13  GDR2
IC 1276       139.40  2.89  0.66  0.51   RV
IC 4499        82.46  2.51  0.63  0.48   RV
IC 4499       106.73  1.77  0.69  0.57  GDR2
IC 4499       244.86  2.02  0.55  0.42   RV
Liller 1       14.09 20.03  3.49  2.71   RV
Liller 1       26.50 17.51  3.04  2.37   RV
Liller 1       34.57 19.94  6.09  4.36  GDR2
Liller 1       58.32 12.63  2.39  1.84   RV
Lynga 7        97.92  2.74  0.90  0.62   RV
Lynga 7        45.71  4.23  0.68  0.63  GDR2
Lynga 7       107.64  3.39  0.68  0.63  GDR2
Lynga 7       144.89  3.30  1.14  0.93  GDR2
NGC 104         4.20 12.37  1.05  0.89  K18
NGC 104         7.94 12.53  1.26  1.26  W15
NGC 104         8.90 13.10  0.96  0.81  K18
NGC 104        13.46 12.46  1.00  1.00  W15
NGC 104        13.60 12.29  0.53  0.51  K18
NGC 104        16.84 12.17  0.98  0.98  W15
NGC 104        18.71 10.59  0.66  0.60   RV
NGC 104        19.02 11.92  0.90  0.90  W15
NGC 104        21.90 12.23  0.31  0.31  K18
NGC 104        25.75 11.74  0.18  0.18  W15
NGC 104        32.93 12.16  0.22  0.22  W15
NGC 104        34.70 12.02  0.18  0.18  K18
NGC 104        38.19 11.86  0.24  0.24  W15
NGC 104        42.99 11.61  0.22  0.22  W15
NGC 104        47.42 11.80  0.20  0.20  W15
NGC 104        48.35 10.63  0.67  0.61   RV
NGC 104        51.64 11.28  0.19  0.19  W15
NGC 104        53.60 11.41  0.13  0.13  K18
NGC 104        55.71 11.82  0.21  0.21  W15
NGC 104        59.74 11.68  0.20  0.20  W15
NGC 104        63.69 11.42  0.19  0.19  W15
NGC 104        67.60 11.50  0.19  0.19  W15
NGC 104        71.47 11.37  0.22  0.22  W15
NGC 104        75.56 11.37  0.19  0.19  W15
NGC 104        79.69 11.17  0.23  0.23  W15
NGC 104        84.08 11.14  0.19  0.19  W15
NGC 104        84.58 11.09  0.68  0.62   RV
NGC 104        88.51 11.04  0.19  0.19  W15
NGC 104        93.08 10.79  0.17  0.17  W15
NGC 104        97.88 10.69  0.18  0.18  W15
NGC 104       103.52 10.39  0.18  0.18  W15
NGC 104       110.45 10.50  0.15  0.15  W15
NGC 104       121.50 10.88  0.67  0.60   RV
NGC 104       123.35 10.36  0.20  0.20  W15
NGC 104       132.92  9.31  0.40  0.37  GDR2
NGC 104       161.83  9.50  0.58  0.53   RV
NGC 104       205.13  9.04  0.56  0.50   RV
NGC 104       225.37  8.30  0.35  0.33  GDR2
NGC 104       246.43  8.48  0.52  0.47   RV
NGC 104       290.01  8.16  0.50  0.46   RV
NGC 104       313.56  9.03  0.38  0.35  GDR2
NGC 104       326.09  8.27  0.51  0.47   RV
NGC 104       359.26  7.53  0.46  0.43   RV
NGC 104       396.64  7.88  0.49  0.44   RV
NGC 104       403.27  8.17  0.33  0.32  GDR2
NGC 104       438.21  7.76  0.48  0.44   RV
NGC 104       485.09  7.07  0.44  0.40   RV
NGC 104       527.49  6.87  0.29  0.27  GDR2
NGC 104       534.72  6.96  0.43  0.39   RV
NGC 104       600.03  6.19  0.39  0.35   RV
NGC 104       682.21  6.32  0.27  0.25  GDR2
NGC 104       696.21  5.59  0.35  0.32   RV
NGC 104       837.38  5.53  0.35  0.32   RV
NGC 104       881.55  5.50  0.37  0.33  GDR2
NGC 104      1050.15  5.28  0.34  0.31   RV
NGC 104      1477.52  3.70  0.29  0.26   RV
NGC 288         6.45  3.79  0.42  0.42  W15
NGC 288        11.86  3.95  0.43  0.43  W15
NGC 288        17.90  3.81  0.36  0.36  W15
NGC 288        23.54  3.36  0.25  0.25  W15
NGC 288        28.82  3.39  0.25  0.25  W15
NGC 288        32.15  3.14  0.27  0.27  W15
NGC 288        36.18  2.95  0.24  0.24  W15
NGC 288        40.41  3.12  0.22  0.22  W15
NGC 288        43.67  3.11  0.24  0.24  W15
NGC 288        46.61  3.01  0.27  0.24   RV
NGC 288        46.68  3.30  0.25  0.25  W15
NGC 288        50.48  2.78  0.25  0.25  W15
NGC 288        53.81  2.56  0.21  0.21  W15
NGC 288        56.87  2.75  0.23  0.23  W15
NGC 288        59.81  3.07  0.26  0.26  W15
NGC 288        63.19  3.05  0.23  0.23  W15
NGC 288        66.45  3.14  0.20  0.20  W15
NGC 288        69.03  2.85  0.21  0.21  W15
NGC 288        72.08  2.68  0.21  0.21  W15
NGC 288        74.82  3.21  0.23  0.23  W15
NGC 288        78.41  3.44  0.23  0.23  W15
NGC 288        82.20  3.12  0.26  0.26  W15
NGC 288        87.72  3.46  0.27  0.27  W15
NGC 288        87.76  3.29  0.29  0.25   RV
NGC 288        99.57  3.24  0.21  0.21  W15
NGC 288       121.04  2.66  0.24  0.21   RV
NGC 288       128.52  3.09  0.37  0.33  GDR2
NGC 288       163.12  2.65  0.24  0.21   RV
NGC 288       209.07  2.61  0.23  0.21   RV
NGC 288       244.92  2.68  0.36  0.32  GDR2
NGC 288       274.83  2.47  0.25  0.21   RV
NGC 288       403.71  2.08  0.49  0.40  GDR2
NGC 288       409.40  1.66  0.25  0.21   RV
NGC 362         3.44  8.15  0.78  0.78  W15
NGC 362         3.80  7.66  0.69  0.58  K18
NGC 362         6.65  8.81  0.78  0.78  W15
NGC 362         7.80  9.03  0.66  0.64  K18
NGC 362         8.37  7.81  0.62  0.62  W15
NGC 362         9.33  7.87  0.70  0.70  W15
NGC 362        12.60  9.34  0.48  0.43  K18
NGC 362        12.89  7.92  0.23  0.23  W15
NGC 362        16.49  8.00  0.26  0.26  W15
NGC 362        18.91  8.66  0.28  0.28  W15
NGC 362        20.00  8.39  0.30  0.29  K18
NGC 362        21.84  8.20  0.19  0.19  W15
NGC 362        25.03  8.18  0.19  0.19  W15
NGC 362        28.01  8.60  0.21  0.21  W15
NGC 362        31.05  7.63  0.16  0.16  W15
NGC 362        31.60  7.77  0.21  0.21  K18
NGC 362        33.89  7.97  0.19  0.19  W15
NGC 362        36.73  7.83  0.18  0.18  W15
NGC 362        39.77  7.67  0.16  0.16  W15
NGC 362        42.09  6.67  0.64  0.55   RV
NGC 362        42.95  7.79  0.20  0.20  W15
NGC 362        46.19  7.64  0.17  0.17  W15
NGC 362        49.83  7.25  0.16  0.16  W15
NGC 362        53.38  7.62  0.17  0.17  W15
NGC 362        57.03  6.91  0.17  0.17  W15
NGC 362        60.87  7.07  0.16  0.16  W15
NGC 362        64.64  6.80  0.17  0.17  W15
NGC 362        68.54  6.77  0.15  0.15  W15
NGC 362        72.85  6.67  0.16  0.16  W15
NGC 362        77.46  6.83  0.16  0.16  W15
NGC 362        83.05  6.26  0.17  0.17  W15
NGC 362        86.89  6.34  0.61  0.53   RV
NGC 362        90.09  6.76  0.15  0.15  W15
NGC 362       125.62  6.01  0.58  0.50   RV
NGC 362       129.09  5.97  0.43  0.40  GDR2
NGC 362       173.28  4.87  0.48  0.41   RV
NGC 362       240.92  4.58  0.36  0.33  GDR2
NGC 362       251.40  4.06  0.41  0.35   RV
NGC 362       337.83  3.33  0.48  0.43  GDR2
NGC 362       385.13  3.20  0.37  0.32   RV
NGC 1261       37.87  3.74  0.42  0.36   RV
NGC 1261       73.45  3.76  0.43  0.36   RV
NGC 1261      114.95  3.59  0.42  0.35   RV
NGC 1261      189.01  2.70  0.32  0.27   RV
NGC 1261      318.06  2.14  0.49  0.37   RV
NGC 1851        4.00  9.09  0.81  0.70  K18
NGC 1851        7.20 10.39  0.71  0.65  K18
NGC 1851        7.89  8.44  0.93  0.93  W15
NGC 1851       11.80  9.54  0.46  0.42  K18
NGC 1851       12.96 10.01  0.36  0.36  W15
NGC 1851       16.52  9.01  0.36  0.36  W15
NGC 1851       18.50  8.60  0.26  0.26  K18
NGC 1851       18.97  9.98  0.41  0.41  W15
NGC 1851       21.90  9.14  0.27  0.27  W15
NGC 1851       25.08  8.30  0.27  0.27  W15
NGC 1851       28.29  8.45  0.27  0.27  W15
NGC 1851       29.40  8.24  0.17  0.18  K18
NGC 1851       31.28  8.79  0.28  0.28  W15
NGC 1851       33.94  8.53  0.24  0.24  W15
NGC 1851       36.45  7.74  0.25  0.25  W15
NGC 1851       39.12  8.02  0.26  0.26  W15
NGC 1851       41.58  7.29  0.24  0.24  W15
NGC 1851       44.18  7.21  0.23  0.23  W15
NGC 1851       46.73  7.59  0.23  0.23  W15
NGC 1851       49.32  7.47  0.20  0.20  W15
NGC 1851       50.67  6.40  0.59  0.51   RV
NGC 1851       51.93  7.27  0.21  0.21  W15
NGC 1851       54.83  6.87  0.22  0.22  W15
NGC 1851       57.70  6.63  0.21  0.21  W15
NGC 1851       60.98  6.65  0.19  0.19  W15
NGC 1851       64.67  6.42  0.18  0.18  W15
NGC 1851       68.47  6.04  0.19  0.19  W15
NGC 1851       72.62  5.73  0.18  0.18  W15
NGC 1851       78.09  5.80  0.17  0.17  W15
NGC 1851       85.02  5.43  0.50  0.44   RV
NGC 1851       88.78  5.56  0.17  0.17  W15
NGC 1851       99.21  5.78  0.66  0.57  GDR2
NGC 1851      112.58  5.24  0.49  0.42   RV
NGC 1851      145.52  4.83  0.45  0.39   RV
NGC 1851      183.41  5.12  0.48  0.42   RV
NGC 1851      205.80  3.89  0.62  0.56  GDR2
NGC 1851      232.30  3.68  0.34  0.30   RV
NGC 1851      297.75  3.88  0.36  0.31   RV
NGC 1851      353.63  1.91  0.75  0.78  GDR2
NGC 1851      441.76  3.28  0.31  0.27   RV
NGC 1904       31.24  3.81  0.44  0.37   RV
NGC 1904       57.68  4.17  0.48  0.41   RV
NGC 1904       79.13  3.83  0.44  0.37   RV
NGC 1904      103.00  3.68  0.42  0.36   RV
NGC 1904      133.50  3.47  0.39  0.33   RV
NGC 1904      176.79  2.82  0.35  0.30   RV
NGC 1904      237.05  2.73  0.32  0.27   RV
NGC 1904      383.32  2.23  0.32  0.27   RV
NGC 2298       44.66  2.59  0.44  0.38  GDR2
NGC 2298       61.89  2.03  0.53  0.42   RV
NGC 2298      123.42  2.04  0.59  0.57  GDR2
NGC 2298      172.15  2.36  0.73  0.55   RV
NGC 2419       25.81  6.70  0.87  0.72   RV
NGC 2419       65.76  2.95  0.47  0.40   RV
NGC 2419      109.69  2.41  0.43  0.35   RV
NGC 2419      159.66  2.03  0.31  0.26   RV
NGC 2419      251.10  1.23  0.37  0.30   RV
NGC 2808        4.76 14.64  1.32  1.32  W15
NGC 2808        4.80 13.94  1.12  1.00  K18
NGC 2808        9.60 13.60  0.92  0.89  K18
NGC 2808       12.79 14.76  0.55  0.55  W15
NGC 2808       15.20 13.33  0.56  0.53  K18
NGC 2808       16.70 13.98  0.50  0.50  W15
NGC 2808       19.17 13.48  0.52  0.52  W15
NGC 2808       23.75 14.03  0.24  0.24  W15
NGC 2808       23.80 13.43  0.35  0.35  K18
NGC 2808       29.80 13.41  0.26  0.26  W15
NGC 2808       34.71 13.53  0.29  0.29  W15
NGC 2808       37.80 12.50  0.24  0.22  K18
NGC 2808       38.99 13.34  0.24  0.24  W15
NGC 2808       42.61 12.40  0.20  0.20  W15
NGC 2808       45.92 12.43  0.19  0.19  W15
NGC 2808       49.15 12.17  0.21  0.21  W15
NGC 2808       50.24 10.48  0.64  0.58   RV
NGC 2808       52.38 12.11  0.23  0.23  W15
NGC 2808       54.00 11.33  0.22  0.22  K18
NGC 2808       55.39 12.11  0.22  0.22  W15
NGC 2808       58.46 12.04  0.20  0.20  W15
NGC 2808       61.76 11.63  0.21  0.21  W15
NGC 2808       64.80 11.81  0.23  0.23  W15
NGC 2808       67.67 11.04  0.18  0.18  W15
NGC 2808       70.79 11.12  0.20  0.20  W15
NGC 2808       74.06 10.93  0.20  0.20  W15
NGC 2808       77.68 10.44  0.20  0.20  W15
NGC 2808       81.60 10.59  0.20  0.20  W15
NGC 2808       85.99 10.58  0.18  0.18  W15
NGC 2808       91.92  9.88  0.18  0.18  W15
NGC 2808       93.13  9.98  0.61  0.55   RV
NGC 2808       95.37  9.81  0.52  0.48  GDR2
NGC 2808      102.49  9.78  0.17  0.17  W15
NGC 2808      133.48  9.04  0.56  0.50   RV
NGC 2808      141.64  8.79  0.50  0.46  GDR2
NGC 2808      179.99  8.01  0.47  0.44  GDR2
NGC 2808      180.97  7.81  0.48  0.44   RV
NGC 2808      227.95  7.64  0.46  0.43  GDR2
NGC 2808      246.51  7.81  0.48  0.44   RV
NGC 2808      290.52  6.64  0.45  0.42  GDR2
NGC 2808      361.30  7.42  0.47  0.43   RV
NGC 2808      406.98  5.13  0.39  0.37  GDR2
NGC 2808      572.78  4.42  0.78  0.69  GDR2
NGC 3201       44.53  3.40  0.30  0.26   RV
NGC 3201       57.75  4.24  0.25  0.23  GDR2
NGC 3201       88.62  3.75  0.32  0.29   RV
NGC 3201      101.07  4.01  0.25  0.23  GDR2
NGC 3201      131.38  3.61  0.25  0.23  GDR2
NGC 3201      133.39  3.72  0.33  0.29   RV
NGC 3201      157.37  3.70  0.25  0.24  GDR2
NGC 3201      188.06  3.73  0.26  0.24  GDR2
NGC 3201      191.16  3.73  0.32  0.28   RV
NGC 3201      220.80  2.93  0.23  0.22  GDR2
NGC 3201      257.12  3.50  0.25  0.24  GDR2
NGC 3201      272.56  3.06  0.27  0.24   RV
NGC 3201      291.08  3.11  0.23  0.22  GDR2
NGC 3201      335.01  2.95  0.25  0.23  GDR2
NGC 3201      384.09  3.06  0.24  0.23  GDR2
NGC 3201      414.91  3.27  0.29  0.25   RV
NGC 3201      460.78  2.70  0.22  0.20  GDR2
NGC 3201      763.04  2.46  0.33  0.28   RV
NGC 4147       39.38  1.75  0.36  0.28   RV
NGC 4147      174.86  1.54  0.36  0.27   RV
NGC 4372       72.97  4.32  0.25  0.23  GDR2
NGC 4372       87.36  4.60  0.51  0.43   RV
NGC 4372      135.30  4.24  0.26  0.24  GDR2
NGC 4372      168.78  4.06  0.45  0.38   RV
NGC 4372      179.44  4.22  0.25  0.23  GDR2
NGC 4372      234.84  4.06  0.24  0.23  GDR2
NGC 4372      268.80  3.37  0.37  0.32   RV
NGC 4372      310.55  3.39  0.21  0.20  GDR2
NGC 4372      418.52  2.96  0.20  0.19  GDR2
NGC 4372      466.45  3.06  0.34  0.29   RV
NGC 4372      543.28  2.77  0.28  0.25  GDR2
NGC 4590       55.41  3.42  0.40  0.34   RV
NGC 4590       71.36  3.55  0.46  0.44  GDR2
NGC 4590      120.56  2.96  0.34  0.29   RV
NGC 4590      192.97  2.50  0.30  0.25   RV
NGC 4590      262.24  2.17  0.44  0.44  GDR2
NGC 4590      311.85  1.97  0.25  0.21   RV
NGC 4590      529.37  1.90  0.34  0.27   RV
NGC 4833       64.82  4.58  0.54  0.45   RV
NGC 4833       72.40  4.28  0.33  0.30  GDR2
NGC 4833      128.39  4.45  0.34  0.31  GDR2
NGC 4833      137.11  3.51  0.42  0.35   RV
NGC 4833      176.09  3.37  0.29  0.26  GDR2
NGC 4833      224.08  3.91  0.32  0.30  GDR2
NGC 4833      256.22  3.59  0.42  0.35   RV
NGC 4833      318.49  3.33  0.31  0.28  GDR2
NGC 5024       66.82  4.23  0.43  0.38   RV
NGC 5024      111.26  4.44  0.69  0.64  GDR2
NGC 5024      159.29  3.72  0.40  0.34   RV
NGC 5024      263.97  3.14  0.33  0.29   RV
NGC 5024      308.49  3.54  0.94  0.94  GDR2
NGC 5024      473.68  2.19  0.24  0.21   RV
NGC 5024      917.77  1.37  0.42  0.30   RV
NGC 5053      106.17  1.32  0.30  0.23   RV
NGC 5053      178.84  1.39  0.30  0.23   RV
NGC 5053      374.18  0.92  0.23  0.18   RV
NGC 5139        2.28 17.77  1.92  1.92  W15
NGC 5139        3.90 22.82  1.97  1.74  K18
NGC 5139        4.33 20.06  2.01  2.01  W15
NGC 5139        6.02 22.85  1.48  1.48  W15
NGC 5139        7.10 18.23  1.25  1.15  K18
NGC 5139        7.87 20.35  1.22  1.22  W15
NGC 5139        9.47 20.18  1.19  1.19  W15
NGC 5139       11.40 17.57  0.79  0.74  K18
NGC 5139       12.40 19.73  0.65  0.65  W15
NGC 5139       16.13 20.06  0.72  0.72  W15
NGC 5139       18.20 18.22  0.53  0.53  K18
NGC 5139       18.78 19.00  0.75  0.75  W15
NGC 5139       28.80 18.41  0.33  0.34  K18
NGC 5139       29.91 18.59  0.19  0.19  W15
NGC 5139       41.53 18.93  0.89  0.82   RV
NGC 5139       43.94 18.32  0.20  0.20  W15
NGC 5139       45.40 17.98  0.22  0.22  K18
NGC 5139       54.51 17.99  0.21  0.21  W15
NGC 5139       63.38 17.65  0.18  0.18  W15
NGC 5139       68.90 18.09  0.21  0.21  K18
NGC 5139       71.50 17.87  0.19  0.19  W15
NGC 5139       75.33 16.94  0.80  0.73   RV
NGC 5139       78.80 17.57  0.19  0.19  W15
NGC 5139       85.65 17.27  0.19  0.19  W15
NGC 5139       92.19 16.95  0.18  0.18  W15
NGC 5139       97.66 16.52  0.78  0.72   RV
NGC 5139       98.41 17.09  0.18  0.18  W15
NGC 5139      104.18 16.87  0.19  0.19  W15
NGC 5139      109.72 16.13  0.18  0.18  W15
NGC 5139      110.90 16.61  0.24  0.22  K18
NGC 5139      115.15 16.72  0.18  0.18  W15
NGC 5139      118.13 15.75  0.73  0.69   RV
NGC 5139      120.67 16.50  0.19  0.19  W15
NGC 5139      125.90 16.37  0.18  0.18  W15
NGC 5139      131.32 16.23  0.16  0.16  W15
NGC 5139      136.88 15.99  0.17  0.17  W15
NGC 5139      137.06 16.78  0.79  0.73   RV
NGC 5139      142.98 15.82  0.16  0.16  W15
NGC 5139      150.20 15.56  0.16  0.16  W15
NGC 5139      155.46 15.28  0.72  0.67   RV
NGC 5139      162.18 15.53  0.15  0.15  W15
NGC 5139      179.46 14.26  0.54  0.52  GDR2
NGC 5139      180.76 15.17  0.71  0.66   RV
NGC 5139      211.67 15.33  0.72  0.67   RV
NGC 5139      236.84 15.08  0.16  0.16  W15
NGC 5139      247.50 14.26  0.67  0.62   RV
NGC 5139      265.77 13.95  0.54  0.51  GDR2
NGC 5139      287.51 13.53  0.63  0.59   RV
NGC 5139      309.54 13.65  0.54  0.51  GDR2
NGC 5139      328.41 13.44  0.63  0.59   RV
NGC 5139      338.09 12.42  0.49  0.47  GDR2
NGC 5139      375.55 11.95  0.57  0.52   RV
NGC 5139      386.02 10.84  0.47  0.45  GDR2
NGC 5139      441.32 12.67  0.59  0.56   RV
NGC 5139      448.47 10.83  0.43  0.41  GDR2
NGC 5139      510.43 11.01  0.52  0.48   RV
NGC 5139      580.38 11.83  0.56  0.52   RV
NGC 5139      669.71  9.58  0.37  0.35  GDR2
NGC 5139      785.96  9.80  0.47  0.43   RV
NGC 5139     1136.86  7.29  0.28  0.27  GDR2
NGC 5139     1195.82  8.39  0.39  0.37   RV
NGC 5139     1747.16  5.51  0.29  0.27  GDR2
NGC 5139     1787.24  7.41  0.45  0.41   RV
NGC 5272       16.74  8.12  0.75  0.66   RV
NGC 5272       45.60  6.90  0.68  0.60   RV
NGC 5272       73.86  6.52  0.64  0.55   RV
NGC 5272       80.15  6.87  0.46  0.42  GDR2
NGC 5272      105.73  5.48  0.54  0.47   RV
NGC 5272      130.90  6.00  0.44  0.40  GDR2
NGC 5272      137.22  5.37  0.53  0.46   RV
NGC 5272      175.45  4.83  0.38  0.35  GDR2
NGC 5272      177.93  4.72  0.48  0.42   RV
NGC 5272      232.85  4.52  0.38  0.35  GDR2
NGC 5272      243.95  4.35  0.43  0.37   RV
NGC 5272      317.79  3.83  0.51  0.46  GDR2
NGC 5272      350.70  4.58  0.45  0.38   RV
NGC 5272      537.85  2.39  0.24  0.21   RV
NGC 5272      901.04  2.49  0.37  0.31   RV
NGC 5286       11.06  8.85  0.68  0.60   RV
NGC 5286       24.80  8.17  0.63  0.56   RV
NGC 5286       37.88  8.09  0.62  0.56   RV
NGC 5286       60.07  7.33  0.57  0.50   RV
NGC 5286       75.13  6.97  0.72  0.65  GDR2
NGC 5286      166.23  6.79  0.83  0.69   RV
NGC 5286      173.85  4.64  0.68  0.63  GDR2
NGC 5286      296.51  2.59  1.04  1.05  GDR2
NGC 5466       77.60  1.34  0.27  0.22   RV
NGC 5466      181.99  1.11  0.21  0.17   RV
NGC 5466      487.34  1.05  0.23  0.19   RV
NGC 5634       55.85  3.56  0.60  0.48   RV
NGC 5634      132.26  2.97  0.57  0.45   RV
NGC 5694       51.95  4.82  0.79  0.62   RV
NGC 5694      110.20  2.97  0.53  0.43   RV
NGC 5694      191.53  2.28  0.42  0.33   RV
NGC 5824        0.52 13.32  1.76  1.76  K18
NGC 5824        1.82 11.18  0.85  0.85  K18
NGC 5824        3.63 11.22  0.70  0.70  K18
NGC 5824        7.59 10.86  0.55  0.55  K18
NGC 5824       25.12  8.31  0.62  0.62  K18
NGC 5824       48.67  7.76  1.03  0.85   RV
NGC 5824      109.19  4.46  0.60  0.49   RV
NGC 5824      171.96  4.43  3.10 11.97  GDR2
NGC 5824      200.10  4.12  0.56  0.45   RV
NGC 5824      314.70  2.66  0.48  0.37   RV
NGC 5897       83.81  3.17  0.33  0.29   RV
NGC 5897       96.98  2.90  0.77  0.80  GDR2
NGC 5897      156.35  2.98  0.32  0.28   RV
NGC 5897      199.26  3.02  0.66  0.66  GDR2
NGC 5897      224.51  2.42  0.28  0.25   RV
NGC 5897      337.25  2.37  0.31  0.27   RV
NGC 5904        2.68  7.16  0.70  0.70  W15
NGC 5904        3.40  7.33  0.81  0.70  K18
NGC 5904        5.05  8.80  0.70  0.70  W15
NGC 5904        6.10  8.25  0.77  0.70  K18
NGC 5904        7.26  7.65  0.63  0.63  W15
NGC 5904        9.12  8.01  0.70  0.70  W15
NGC 5904        9.90  7.91  0.49  0.46  K18
NGC 5904       11.75  7.10  0.39  0.39  W15
NGC 5904       15.26  6.78  0.33  0.33  W15
NGC 5904       15.60  8.02  0.35  0.32  K18
NGC 5904       18.63  7.06  0.38  0.38  W15
NGC 5904       21.35  7.95  0.39  0.39  W15
NGC 5904       23.90  7.75  0.44  0.44  W15
NGC 5904       24.60  6.95  0.21  0.20  K18
NGC 5904       26.47  7.95  0.38  0.38  W15
NGC 5904       28.79  7.49  0.37  0.37  W15
NGC 5904       31.00  8.04  0.44  0.44  W15
NGC 5904       33.37  7.93  0.40  0.40  W15
NGC 5904       36.09  7.42  0.35  0.35  W15
NGC 5904       38.88  7.32  0.31  0.31  W15
NGC 5904       41.63  7.17  0.35  0.35  W15
NGC 5904       44.80  6.95  0.34  0.34  W15
NGC 5904       47.84  7.38  0.39  0.39  W15
NGC 5904       51.03  7.20  0.36  0.36  W15
NGC 5904       54.23  7.74  0.37  0.37  W15
NGC 5904       57.60  6.90  0.32  0.32  W15
NGC 5904       59.98  6.62  0.42  0.39   RV
NGC 5904       61.52  7.41  0.41  0.41  W15
NGC 5904       66.53  7.46  0.41  0.41  W15
NGC 5904       70.63  6.40  0.40  0.36  GDR2
NGC 5904       71.61  7.17  0.31  0.31  W15
NGC 5904       76.22  7.70  0.39  0.39  W15
NGC 5904       82.93  6.84  0.31  0.31  W15
NGC 5904      104.86  6.83  0.34  0.34  W15
NGC 5904      119.61  6.51  0.42  0.38   RV
NGC 5904      128.07  5.89  0.38  0.35  GDR2
NGC 5904      178.08  5.58  0.36  0.32   RV
NGC 5904      189.80  5.83  0.37  0.35  GDR2
NGC 5904      251.74  5.23  0.34  0.31   RV
NGC 5904      266.36  5.50  0.37  0.34  GDR2
NGC 5904      360.81  4.24  0.28  0.25   RV
NGC 5904      634.44  3.07  0.23  0.21   RV
NGC 5927        1.91  5.62  0.54  0.54  W15
NGC 5927        3.24  6.73  0.61  0.61  W15
NGC 5927        4.05  6.60  0.72  0.72  W15
NGC 5927        4.71  6.05  0.63  0.63  W15
NGC 5927        6.12  6.64  0.34  0.34  W15
NGC 5927        7.90  6.69  0.34  0.34  W15
NGC 5927        9.34  6.81  0.38  0.38  W15
NGC 5927       12.04  6.13  0.18  0.18  W15
NGC 5927       15.74  6.55  0.19  0.19  W15
NGC 5927       18.62  6.66  0.18  0.18  W15
NGC 5927       22.22  6.41  0.12  0.12  W15
NGC 5927       26.33  6.09  0.12  0.12  W15
NGC 5927       30.19  6.21  0.13  0.13  W15
NGC 5927       33.73  6.13  0.12  0.12  W15
NGC 5927       37.39  5.93  0.12  0.12  W15
NGC 5927       40.98  6.22  0.12  0.12  W15
NGC 5927       41.46  5.39  0.55  0.47   RV
NGC 5927       44.49  6.36  0.14  0.14  W15
NGC 5927       47.80  5.93  0.12  0.12  W15
NGC 5927       51.11  6.00  0.12  0.12  W15
NGC 5927       54.48  6.13  0.14  0.14  W15
NGC 5927       58.00  5.76  0.13  0.13  W15
NGC 5927       61.54  5.84  0.12  0.12  W15
NGC 5927       65.36  5.79  0.13  0.13  W15
NGC 5927       69.20  5.95  0.12  0.12  W15
NGC 5927       73.06  5.74  0.12  0.12  W15
NGC 5927       77.31  5.48  0.12  0.12  W15
NGC 5927       80.05  5.25  0.54  0.46   RV
NGC 5927       82.06  5.49  0.11  0.11  W15
NGC 5927       87.29  5.60  0.12  0.12  W15
NGC 5927       93.74  5.64  0.12  0.12  W15
NGC 5927      100.88  5.60  0.59  0.54  GDR2
NGC 5927      104.65  5.69  0.11  0.11  W15
NGC 5927      122.09  5.68  0.57  0.50   RV
NGC 5927      181.14  5.29  0.54  0.46   RV
NGC 5927      189.07  5.34  0.59  0.54  GDR2
NGC 5927      267.04  4.22  0.43  0.38   RV
NGC 5927      329.46  3.92  0.58  0.56  GDR2
NGC 5927      403.82  3.95  0.46  0.39   RV
NGC 5946       30.24  2.37  1.86  1.60   RV
NGC 5946       69.64  5.16  1.75  1.35  GDR2
NGC 5986       49.99  7.38  0.78  0.68  GDR2
NGC 5986       50.20  6.94  0.63  0.55   RV
NGC 5986       86.39  5.50  0.65  0.56  GDR2
NGC 5986       99.87  5.28  0.49  0.43   RV
NGC 5986      143.25  5.43  0.61  0.52  GDR2
NGC 5986      198.84  4.74  0.44  0.38   RV
NGC 5986      220.79  3.34  0.71  0.56  GDR2
NGC 6093       11.23 10.15  0.78  0.69   RV
NGC 6093       31.55  7.66  0.59  0.53   RV
NGC 6093       60.79  6.86  0.53  0.48   RV
NGC 6093       70.79  6.78  0.74  0.65  GDR2
NGC 6093      120.72  5.88  0.45  0.41   RV
NGC 6093      165.22  5.18  0.65  0.57  GDR2
NGC 6093      254.06  4.96  1.01  0.76   RV
NGC 6093      344.24  3.35  1.42  1.23  GDR2
NGC 6101      136.84  1.02  0.80  0.47   RV
NGC 6121       58.65  4.74  0.22  0.21   RV
NGC 6121       74.59  4.55  0.13  0.13  GDR2
NGC 6121      106.62  4.50  0.21  0.20   RV
NGC 6121      139.99  4.21  0.12  0.12  GDR2
NGC 6121      142.27  4.04  0.19  0.18   RV
NGC 6121      176.05  4.01  0.19  0.18   RV
NGC 6121      201.41  4.44  0.13  0.12  GDR2
NGC 6121      210.69  3.91  0.19  0.17   RV
NGC 6121      251.97  4.18  0.20  0.18   RV
NGC 6121      273.69  3.98  0.11  0.11  GDR2
NGC 6121      295.88  3.77  0.18  0.17   RV
NGC 6121      347.59  3.89  0.18  0.17   RV
NGC 6121      356.74  3.69  0.11  0.10  GDR2
NGC 6121      403.11  3.51  0.17  0.16   RV
NGC 6121      467.70  3.34  0.10  0.09  GDR2
NGC 6121      475.91  3.26  0.16  0.14   RV
NGC 6121      590.80  3.19  0.16  0.14   RV
NGC 6121      602.33  2.73  0.13  0.12  GDR2
NGC 6139       62.91  6.78  1.06  0.85   RV
NGC 6139       69.42  7.76  1.02  0.91  GDR2
NGC 6139      190.36  4.05  0.65  0.53   RV
NGC 6139      195.06  4.16  1.05  1.03  GDR2
NGC 6144      120.27  1.86  1.00  0.93   RV
NGC 6144      124.85  2.29  0.47  0.42  GDR2
NGC 6171       41.58  4.07  0.38  0.35  GDR2
NGC 6171       45.48  3.87  0.36  0.32   RV
NGC 6171       81.74  3.68  0.35  0.32  GDR2
NGC 6171       99.68  3.58  0.36  0.31   RV
NGC 6171      114.88  3.81  0.37  0.34  GDR2
NGC 6171      154.74  3.32  0.32  0.28   RV
NGC 6171      164.96  3.17  0.33  0.30  GDR2
NGC 6171      228.99  3.26  0.32  0.29  GDR2
NGC 6171      232.63  2.62  0.25  0.22   RV
NGC 6171      391.96  1.65  0.33  0.31  GDR2
NGC 6171      398.03  2.43  0.34  0.28   RV
NGC 6205       22.78  8.11  0.75  0.65   RV
NGC 6205       89.74  6.75  0.63  0.55   RV
NGC 6205       95.65  6.52  0.45  0.41  GDR2
NGC 6205      154.43  5.98  0.43  0.39  GDR2
NGC 6205      164.62  5.98  0.55  0.48   RV
NGC 6205      193.95  6.12  0.46  0.42  GDR2
NGC 6205      235.16  6.32  0.47  0.43  GDR2
NGC 6205      260.78  5.79  0.54  0.47   RV
NGC 6205      294.00  5.33  0.42  0.38  GDR2
NGC 6205      356.21  5.11  0.40  0.36  GDR2
NGC 6205      426.37  4.65  0.43  0.38   RV
NGC 6205      438.96  4.10  0.35  0.32  GDR2
NGC 6205      585.62  3.74  0.35  0.31  GDR2
NGC 6205      716.83  3.84  0.49  0.42   RV
NGC 6218       42.87  4.38  0.37  0.33   RV
NGC 6218       68.45  3.68  0.26  0.25  GDR2
NGC 6218       89.37  3.88  0.33  0.29   RV
NGC 6218      131.71  3.99  0.28  0.26  GDR2
NGC 6218      134.04  3.34  0.28  0.25   RV
NGC 6218      187.37  3.09  0.26  0.23   RV
NGC 6218      187.37  3.08  0.25  0.23  GDR2
NGC 6218      272.04  2.78  0.24  0.23  GDR2
NGC 6218      327.64  2.72  0.24  0.21   RV
NGC 6218      425.81  2.48  0.27  0.25  GDR2
NGC 6229       82.93  3.48  0.63  0.49   RV
NGC 6235       74.82  3.37  0.57  0.51  GDR2
NGC 6254        3.10  5.60  0.66  0.59  K18
NGC 6254        6.00  6.41  0.50  0.48  K18
NGC 6254        9.60  6.82  0.43  0.38  K18
NGC 6254       15.20  6.36  0.27  0.26  K18
NGC 6254       24.20  6.33  0.18  0.18  K18
NGC 6254       38.20  5.87  0.12  0.12  K18
NGC 6254       54.30  5.75  0.14  0.13  K18
NGC 6254       66.92  5.17  0.40  0.35   RV
NGC 6254       76.97  5.62  0.31  0.28  GDR2
NGC 6254      129.02  5.26  0.30  0.28  GDR2
NGC 6254      131.58  4.99  0.39  0.34   RV
NGC 6254      179.46  4.54  0.28  0.26  GDR2
NGC 6254      207.23  4.41  0.34  0.30   RV
NGC 6254      239.33  4.18  0.26  0.24  GDR2
NGC 6254      322.96  3.89  0.25  0.23  GDR2
NGC 6254      338.76  3.91  0.35  0.31   RV
NGC 6254      427.03  2.59  0.23  0.21  GDR2
NGC 6256       49.71  6.00  1.44  1.21  GDR2
NGC 6256       82.60  3.65  0.94  0.71   RV
NGC 6266        3.12 18.64  1.97  1.97  W15
NGC 6266        3.40 15.00  1.23  1.03  K18
NGC 6266        6.07 14.69  0.98  0.98  W15
NGC 6266        6.60 16.08  1.01  0.94  K18
NGC 6266        7.96 14.68  0.90  0.90  W15
NGC 6266        9.27 16.09  1.01  1.01  W15
NGC 6266       10.60 14.58  0.61  0.57  K18
NGC 6266       12.07 16.05  0.36  0.36  W15
NGC 6266       15.90 14.41  0.37  0.37  W15
NGC 6266       16.70 14.65  0.39  0.40  K18
NGC 6266       18.74 15.03  0.44  0.44  W15
NGC 6266       22.14 14.35  0.25  0.25  W15
NGC 6266       25.88 14.38  0.27  0.27  W15
NGC 6266       26.70 14.17  0.26  0.25  K18
NGC 6266       29.09 13.92  0.27  0.27  W15
NGC 6266       31.96 13.81  0.22  0.22  W15
NGC 6266       34.83 13.85  0.25  0.25  W15
NGC 6266       37.55 14.16  0.26  0.26  W15
NGC 6266       40.44 13.21  0.24  0.24  W15
NGC 6266       43.74 13.19  0.23  0.23  W15
NGC 6266       47.07 13.29  0.26  0.26  W15
NGC 6266       50.58 13.33  0.24  0.24  W15
NGC 6266       54.32 12.35  0.24  0.24  W15
NGC 6266       58.20 12.90  0.25  0.25  W15
NGC 6266       62.48 12.21  0.23  0.23  W15
NGC 6266       66.92 11.95  0.23  0.23  W15
NGC 6266       67.73 11.94  1.05  0.92   RV
NGC 6266       71.58 12.37  0.23  0.23  W15
NGC 6266       76.36 12.51  0.25  0.25  W15
NGC 6266       82.30 11.73  0.19  0.19  W15
NGC 6266       91.58 11.29  0.20  0.20  W15
NGC 6266       97.39 10.31  0.69  0.62  GDR2
NGC 6266      103.56 11.14  0.22  0.22  W15
NGC 6266      119.38 10.62  0.20  0.20  W15
NGC 6266      139.01  9.44  0.84  0.72   RV
NGC 6266      155.50  9.76  0.66  0.60  GDR2
NGC 6266      218.82  8.73  0.59  0.54  GDR2
NGC 6266      286.08  6.81  0.57  0.52  GDR2
NGC 6266      306.02  6.62  0.66  0.58   RV
NGC 6273       51.88 10.33  0.91  0.80   RV
NGC 6273       74.17 11.04  0.62  0.58  GDR2
NGC 6273      105.93  9.60  0.85  0.74   RV
NGC 6273      128.56  8.85  0.53  0.50  GDR2
NGC 6273      185.21  6.86  0.46  0.42  GDR2
NGC 6273      193.20  6.43  0.58  0.50   RV
NGC 6273      298.71  5.16  0.43  0.40  GDR2
NGC 6273      338.87  4.74  0.77  0.61   RV
NGC 6284       79.79  4.90  0.75  0.70  GDR2
NGC 6284      121.91  3.81  0.55  0.45   RV
NGC 6287       48.89  5.01  0.70  0.64  GDR2
NGC 6287      145.82  3.58  0.65  0.61  GDR2
NGC 6293        6.10  7.13  0.74  0.69  K18
NGC 6293       11.80  7.77  0.78  0.74  K18
NGC 6293       18.80  6.94  0.70  0.63  K18
NGC 6293       28.20  5.41  0.54  0.46  K18
NGC 6293       41.07  6.32  0.67  0.59  GDR2
NGC 6293       87.43  4.50  0.57  0.51  GDR2
NGC 6293      154.72  3.83  0.78  0.71  GDR2
NGC 6304       34.89  5.33  0.59  0.50   RV
NGC 6304       44.11  5.05  0.57  0.51  GDR2
NGC 6304       78.20  4.36  0.49  0.42   RV
NGC 6304       85.90  4.88  0.58  0.52  GDR2
NGC 6304      145.68  3.71  0.46  0.39   RV
NGC 6304      153.17  3.63  0.50  0.43  GDR2
NGC 6316       44.17  6.76  0.92  0.76   RV
NGC 6316      143.92  5.88  0.77  0.64   RV
NGC 6325       39.62  4.80  0.66  0.56  GDR2
NGC 6325       95.04  4.32  1.01  0.76  GDR2
NGC 6325      158.73  2.12  0.80  0.59   RV
NGC 6333       55.74  6.48  0.47  0.44  GDR2
NGC 6333       98.23  6.65  0.52  0.47  GDR2
NGC 6333      150.07  5.53  0.47  0.44  GDR2
NGC 6333      212.70  4.29  0.47  0.43  GDR2
NGC 6333      228.52  2.64  1.67  1.04   RV
NGC 6341        3.28  8.12  0.90  0.90  W15
NGC 6341        6.30  8.75  0.68  0.68  W15
NGC 6341        7.96  7.59  0.65  0.65  W15
NGC 6341        9.32  8.19  0.57  0.57  W15
NGC 6341       12.39  8.24  0.28  0.28  W15
NGC 6341       16.05  8.71  0.32  0.32  W15
NGC 6341       18.82  8.34  0.32  0.32  W15
NGC 6341       21.76  8.37  0.24  0.24  W15
NGC 6341       25.07  7.70  0.21  0.21  W15
NGC 6341       28.38  7.86  0.22  0.22  W15
NGC 6341       31.43  7.61  0.23  0.23  W15
NGC 6341       32.91  7.25  0.64  0.56   RV
NGC 6341       34.49  7.55  0.24  0.24  W15
NGC 6341       37.48  7.73  0.21  0.21  W15
NGC 6341       40.38  7.53  0.23  0.23  W15
NGC 6341       43.34  7.53  0.21  0.21  W15
NGC 6341       46.68  7.39  0.19  0.19  W15
NGC 6341       49.93  7.13  0.21  0.21  W15
NGC 6341       53.42  7.23  0.20  0.20  W15
NGC 6341       57.00  7.21  0.19  0.19  W15
NGC 6341       60.77  6.80  0.18  0.18  W15
NGC 6341       64.50  7.09  0.20  0.20  W15
NGC 6341       68.67  6.76  0.20  0.20  W15
NGC 6341       72.74  6.65  0.22  0.22  W15
NGC 6341       77.10  6.92  0.20  0.20  W15
NGC 6341       82.46  6.55  0.19  0.19  W15
NGC 6341       89.04  6.18  0.18  0.18  W15
NGC 6341      100.95  6.16  0.19  0.19  W15
NGC 6341      101.80  5.59  0.50  0.44   RV
NGC 6341      173.90  5.08  0.45  0.40   RV
NGC 6341      217.92  4.31  0.79  0.71  GDR2
NGC 6341      241.95  3.81  0.34  0.30   RV
NGC 6341      253.39  4.00  0.63  0.56  GDR2
NGC 6341      340.99  4.03  0.61  0.55  GDR2
NGC 6341      373.38  3.85  0.35  0.30   RV
NGC 6341      612.50  2.59  0.77  0.72  GDR2
NGC 6341      750.91  1.95  0.47  0.35   RV
NGC 6342       31.79  2.74  0.67  0.50   RV
NGC 6342       47.40  3.99  0.70  0.65  GDR2
NGC 6342      130.61  2.23  0.67  0.70  GDR2
NGC 6352       42.83  3.41  0.31  0.29  GDR2
NGC 6352       84.37  2.91  0.30  0.27  GDR2
NGC 6352      127.74  2.85  0.28  0.25  GDR2
NGC 6352      153.61  3.73  0.93  0.70   RV
NGC 6352      181.74  2.68  0.36  0.33  GDR2
NGC 6355       35.90  5.39  1.01  0.89  GDR2
NGC 6355       51.52  2.05  0.86  0.62   RV
NGC 6355      170.85  3.81  1.13  1.04  GDR2
NGC 6356       49.79  4.74  1.79  1.19   RV
NGC 6356      103.56  6.37  1.55  1.25  GDR2
NGC 6362        7.19  3.85  0.44  0.44  W15
NGC 6362       14.33  3.81  0.39  0.39  W15
NGC 6362       18.21  3.61  0.37  0.37  W15
NGC 6362       23.60  3.85  0.28  0.28  W15
NGC 6362       28.67  2.97  0.23  0.23  W15
NGC 6362       33.33  3.18  0.24  0.24  W15
NGC 6362       37.97  3.79  0.30  0.30  W15
NGC 6362       41.36  3.92  0.27  0.27  W15
NGC 6362       45.03  3.72  0.28  0.28  W15
NGC 6362       48.23  3.68  0.28  0.28  W15
NGC 6362       51.22  3.68  0.26  0.26  W15
NGC 6362       54.06  3.61  0.23  0.23  W15
NGC 6362       55.20  3.71  0.30  0.26   RV
NGC 6362       56.96  3.11  0.21  0.21  W15
NGC 6362       60.30  3.63  0.27  0.27  W15
NGC 6362       63.37  3.33  0.27  0.27  W15
NGC 6362       65.93  3.45  0.24  0.24  W15
NGC 6362       69.12  3.78  0.27  0.27  W15
NGC 6362       72.45  3.55  0.24  0.24  W15
NGC 6362       75.42  3.32  0.24  0.24  W15
NGC 6362       78.34  3.60  0.25  0.25  W15
NGC 6362       81.81  3.51  0.26  0.26  W15
NGC 6362       86.95  3.60  0.25  0.25  W15
NGC 6362       95.30  2.68  0.24  0.24  W15
NGC 6362      106.27  3.26  0.19  0.17  GDR2
NGC 6362      122.34  3.14  0.27  0.24   RV
NGC 6362      206.63  3.12  0.19  0.18  GDR2
NGC 6362      233.70  2.57  0.22  0.20   RV
NGC 6362      324.69  2.48  0.16  0.15  GDR2
NGC 6362      375.75  1.90  0.29  0.24   RV
NGC 6366       57.95  2.73  0.21  0.20  GDR2
NGC 6366       70.68  2.86  0.34  0.29   RV
NGC 6366      124.97  2.66  0.23  0.22  GDR2
NGC 6366      136.55  2.54  0.30  0.26   RV
NGC 6366      188.94  2.49  0.20  0.19  GDR2
NGC 6366      204.42  2.56  0.30  0.26   RV
NGC 6366      282.54  2.56  0.21  0.20  GDR2
NGC 6366      334.36  2.41  0.28  0.25   RV
NGC 6366      447.84  1.84  0.23  0.21  GDR2
NGC 6380       80.30  5.01  1.22  0.92   RV
NGC 6380       93.04  8.19  1.70  1.43  GDR2
NGC 6388        4.80 19.06  1.55  1.30  K18
NGC 6388        9.50 19.44  1.03  0.93  K18
NGC 6388       13.17 15.10  1.43  1.43  W15
NGC 6388       15.00 17.38  0.46  0.45  K18
NGC 6388       17.05 14.28  1.31  1.31  W15
NGC 6388       19.14 17.26  1.35  1.35  W15
NGC 6388       23.50 16.11  0.29  0.29  K18
NGC 6388       26.36 14.65  0.30  0.30  W15
NGC 6388       34.18 14.05  0.34  0.34  W15
NGC 6388       37.30 13.78  0.18  0.18  K18
NGC 6388       39.39 13.58  0.34  0.34  W15
NGC 6388       43.89 13.39  0.36  0.36  W15
NGC 6388       47.83 13.74  0.32  0.32  W15
NGC 6388       51.40 12.74  0.32  0.32  W15
NGC 6388       53.50 13.16  0.20  0.19  K18
NGC 6388       54.77 12.80  0.32  0.32  W15
NGC 6388       57.99 13.04  0.32  0.32  W15
NGC 6388       58.20 10.99  0.97  0.85   RV
NGC 6388       60.81 13.07  0.30  0.30  W15
NGC 6388       63.63 12.47  0.30  0.30  W15
NGC 6388       66.48 12.37  0.26  0.26  W15
NGC 6388       69.43 12.17  0.30  0.30  W15
NGC 6388       72.49 12.24  0.30  0.30  W15
NGC 6388       75.64 11.39  0.28  0.28  W15
NGC 6388       79.12 11.79  0.28  0.28  W15
NGC 6388       79.28 10.67  0.72  0.66  GDR2
NGC 6388       83.14 11.73  0.27  0.27  W15
NGC 6388       87.73 11.76  0.27  0.27  W15
NGC 6388       93.62 11.61  0.25  0.25  W15
NGC 6388       97.90 11.22  0.99  0.86   RV
NGC 6388      101.85 10.90  0.26  0.26  W15
NGC 6388      115.57 10.21  0.25  0.25  W15
NGC 6388      118.94 10.25  0.74  0.68  GDR2
NGC 6388      145.17  9.25  0.82  0.71   RV
NGC 6388      149.61  8.42  0.69  0.64  GDR2
NGC 6388      192.74  8.22  0.66  0.62  GDR2
NGC 6388      208.57  8.42  0.74  0.65   RV
NGC 6388      318.54  6.34  0.73  0.67  GDR2
NGC 6388      339.83  5.92  0.54  0.47   RV
NGC 6397        2.55  5.16  0.50  0.50  W15
NGC 6397        4.95  5.34  0.59  0.59  W15
NGC 6397        6.91  5.63  0.50  0.50  W15
NGC 6397        8.61  5.66  0.52  0.52  W15
NGC 6397       12.16  4.92  0.32  0.32  W15
NGC 6397       15.15  5.00  0.37  0.37  W15
NGC 6397       18.41  5.10  0.41  0.41  W15
NGC 6397       22.60  5.24  0.26  0.26  W15
NGC 6397       27.21  5.16  0.27  0.27  W15
NGC 6397       31.46  4.90  0.31  0.31  W15
NGC 6397       34.50  4.50  0.28  0.26   RV
NGC 6397       36.12  4.71  0.26  0.26  W15
NGC 6397       40.55  4.73  0.27  0.27  W15
NGC 6397       45.35  4.68  0.29  0.29  W15
NGC 6397       49.61  5.11  0.29  0.29  W15
NGC 6397       53.19  4.92  0.28  0.28  W15
NGC 6397       57.01  5.36  0.28  0.28  W15
NGC 6397       62.22  5.04  0.25  0.25  W15
NGC 6397       67.64  4.79  0.28  0.28  W15
NGC 6397       72.50  4.82  0.30  0.30  W15
NGC 6397       74.92  4.62  0.29  0.27   RV
NGC 6397       76.21  4.87  0.31  0.31  W15
NGC 6397       81.16  4.45  0.22  0.22  W15
NGC 6397       86.03  4.77  0.26  0.26  W15
NGC 6397       90.63  4.66  0.27  0.27  W15
NGC 6397       95.36  4.48  0.23  0.23  W15
NGC 6397       99.25  4.57  0.10  0.09  GDR2
NGC 6397      100.14  4.63  0.26  0.26  W15
NGC 6397      106.44  4.59  0.29  0.29  W15
NGC 6397      108.71  4.25  0.27  0.24   RV
NGC 6397      119.25  4.18  0.21  0.21  W15
NGC 6397      137.71  3.97  0.25  0.23   RV
NGC 6397      166.87  3.79  0.24  0.22   RV
NGC 6397      173.71  4.13  0.09  0.09  GDR2
NGC 6397      196.52  3.96  0.25  0.23   RV
NGC 6397      229.52  3.83  0.24  0.22   RV
NGC 6397      231.57  4.13  0.09  0.09  GDR2
NGC 6397      259.54  3.74  0.23  0.22   RV
NGC 6397      288.91  3.73  0.09  0.09  GDR2
NGC 6397      290.41  3.74  0.23  0.22   RV
NGC 6397      322.55  3.48  0.22  0.20   RV
NGC 6397      352.48  3.38  0.08  0.09  GDR2
NGC 6397      355.01  3.46  0.22  0.20   RV
NGC 6397      390.19  3.45  0.22  0.20   RV
NGC 6397      427.50  3.31  0.08  0.09  GDR2
NGC 6397      434.16  3.37  0.22  0.20   RV
NGC 6397      481.23  3.15  0.20  0.19   RV
NGC 6397      517.74  3.23  0.09  0.08  GDR2
NGC 6397      545.13  3.15  0.20  0.19   RV
NGC 6397      592.57  2.74  0.15  0.14  GDR2
NGC 6397      644.82  2.87  0.28  0.24   RV
NGC 6401       46.25  7.82  1.20  1.07  GDR2
NGC 6401       84.30  7.18  1.17  1.05  GDR2
NGC 6401      118.91  4.75  1.28  1.11  GDR2
NGC 6401      127.81  7.02  2.80  1.75   RV
NGC 6402       58.58  8.93  0.78  0.68   RV
NGC 6402       76.35  9.62  0.63  0.58  GDR2
NGC 6402      108.41  7.73  0.68  0.59   RV
NGC 6402      119.57  8.38  0.59  0.55  GDR2
NGC 6402      156.14  6.58  0.51  0.47  GDR2
NGC 6402      161.40  8.17  0.71  0.63   RV
NGC 6402      209.55  7.00  0.53  0.49  GDR2
NGC 6402      290.65  5.70  0.49  0.44   RV
NGC 6402      327.64  4.54  0.53  0.49  GDR2
NGC 6426       85.77  2.07  0.42  0.34   RV
NGC 6440       25.07 11.12  1.49  1.22   RV
NGC 6440       78.32  8.71  1.17  0.96   RV
NGC 6440      108.05  8.70  1.29  1.19  GDR2
NGC 6440      176.13  4.43  0.80  0.63   RV
NGC 6441        3.10 14.30  1.12  0.98  K18
NGC 6441        6.40 19.13  1.21  1.11  K18
NGC 6441       10.00 13.93  1.37  1.37  W15
NGC 6441       10.30 18.23  0.72  0.68  K18
NGC 6441       13.61 14.59  1.33  1.33  W15
NGC 6441       16.40 17.13  0.40  0.39  K18
NGC 6441       16.65 15.40  1.47  1.47  W15
NGC 6441       18.95 15.22  1.38  1.38  W15
NGC 6441       25.80 16.33  0.29  0.28  K18
NGC 6441       28.08 14.19  0.35  0.35  W15
NGC 6441       37.12 14.49  0.36  0.36  W15
NGC 6441       40.70 14.96  0.19  0.19  K18
NGC 6441       41.55 14.41  1.68  1.41   RV
NGC 6441       42.43 14.92  0.32  0.32  W15
NGC 6441       46.24 14.39  0.35  0.35  W15
NGC 6441       49.42 13.68  0.32  0.32  W15
NGC 6441       52.61 13.89  0.29  0.29  W15
NGC 6441       55.71 13.20  0.31  0.31  W15
NGC 6441       56.40 14.31  0.26  0.26  K18
NGC 6441       58.63 13.95  0.33  0.33  W15
NGC 6441       61.47 12.50  0.29  0.29  W15
NGC 6441       64.08 12.84  0.33  0.33  W15
NGC 6441       66.52 13.26  0.33  0.33  W15
NGC 6441       69.18 13.28  0.34  0.34  W15
NGC 6441       72.23 11.87  0.32  0.32  W15
NGC 6441       75.43 12.60  0.29  0.29  W15
NGC 6441       79.05 12.37  0.26  0.26  W15
NGC 6441       80.96 12.13  1.02  0.92  GDR2
NGC 6441       83.09 11.77  0.30  0.30  W15
NGC 6441       83.51 11.08  1.29  1.08   RV
NGC 6441       87.57 11.86  0.30  0.30  W15
NGC 6441       92.57 11.55  0.27  0.27  W15
NGC 6441       99.53 10.86  0.24  0.24  W15
NGC 6441      113.35 11.26  0.24  0.24  W15
NGC 6441      126.98  9.58  1.12  0.93   RV
NGC 6441      133.45  9.37  0.85  0.78  GDR2
NGC 6441      230.59  9.12  1.09  0.91   RV
NGC 6453       99.36  5.06  0.83  0.76  GDR2
NGC 6496       65.53  2.41  0.36  0.31   RV
NGC 6496      125.26  2.69  0.39  0.32   RV
NGC 6496      148.76  2.22  0.63  0.66  GDR2
NGC 6496      236.19  1.59  0.28  0.23   RV
NGC 6517       40.09  8.53  1.42  1.28  GDR2
NGC 6517       88.13  6.83  1.45  1.35  GDR2
NGC 6517      108.90  6.46  1.43  1.12   RV
NGC 6517      165.58  6.95  2.67  2.51  GDR2
NGC 6522       30.47  6.42  0.94  0.76   RV
NGC 6522       53.44  6.36  0.79  0.71  GDR2
NGC 6522       68.90  7.27  1.06  0.86   RV
NGC 6522      109.71  6.36  0.93  0.75   RV
NGC 6522      123.59  5.67  0.77  0.68  GDR2
NGC 6522      185.44  4.75  0.88  0.68   RV
NGC 6528       26.00  4.58  0.74  0.59   RV
NGC 6528       48.57  5.58  0.91  0.72   RV
NGC 6528       62.37  5.02  1.27  1.10  GDR2
NGC 6535       46.20  2.67  0.53  0.49  GDR2
NGC 6535       57.18  1.94  0.32  0.26   RV
NGC 6539       58.62  5.92  0.66  0.56   RV
NGC 6539       59.65  5.04  0.99  0.92  GDR2
NGC 6539      177.50  4.98  0.96  0.88  GDR2
NGC 6539      180.92  4.24  0.49  0.42   RV
NGC 6540       73.40  2.67  0.67  0.62  GDR2
NGC 6540      102.81  3.10  0.59  0.47   RV
NGC 6541       68.01  5.62  0.68  0.56   RV
NGC 6541       73.86  5.73  0.45  0.41  GDR2
NGC 6541      130.21  5.14  0.42  0.39  GDR2
NGC 6541      140.81  5.00  0.61  0.50   RV
NGC 6541      216.30  4.29  0.42  0.39  GDR2
NGC 6541      224.20  4.67  0.57  0.47   RV
NGC 6541      339.47  3.62  0.65  0.51   RV
NGC 6544       48.08  6.02  0.54  0.48  GDR2
NGC 6544       65.36  6.09  1.11  0.88   RV
NGC 6544       90.04  5.67  0.53  0.46  GDR2
NGC 6544      147.92  5.16  0.52  0.45  GDR2
NGC 6544      264.89  4.08  0.94  0.69   RV
NGC 6553       40.01  7.65  0.63  0.56   RV
NGC 6553       62.60  6.81  0.57  0.52  GDR2
NGC 6553       81.80  6.53  0.54  0.48   RV
NGC 6553      111.11  6.24  0.53  0.49  GDR2
NGC 6553      129.77  6.67  0.55  0.49   RV
NGC 6553      179.10  5.76  0.71  0.59   RV
NGC 6553      189.68  6.35  0.56  0.52  GDR2
NGC 6558       39.08  3.52  0.57  0.51  GDR2
NGC 6558       54.89  2.67  0.57  0.43   RV
NGC 6558      112.48  2.06  0.74  0.67  GDR2
NGC 6569       32.49  5.88  0.64  0.55   RV
NGC 6569       75.44  5.30  0.86  0.77  GDR2
NGC 6569       78.36  5.07  0.55  0.47   RV
NGC 6569      156.71  4.57  0.49  0.42   RV
NGC 6569      163.53  4.47  0.91  0.81  GDR2
NGC 6584       54.42  3.81  1.45  0.90   RV
NGC 6584       62.45  4.21  0.71  0.67  GDR2
NGC 6584      145.83  3.51  0.90  0.88  GDR2
NGC 6624        4.14  7.50  0.77  0.77  W15
NGC 6624        6.71  6.38  0.68  0.68  W15
NGC 6624        8.97  6.60  0.69  0.69  W15
NGC 6624       11.95  6.33  0.34  0.34  W15
NGC 6624       15.04  6.16  0.37  0.37  W15
NGC 6624       15.77  6.09  0.78  0.64   RV
NGC 6624       18.36  5.75  0.31  0.31  W15
NGC 6624       20.63  5.67  0.38  0.38  W15
NGC 6624       22.36  6.19  0.37  0.37  W15
NGC 6624       24.24  6.04  0.38  0.38  W15
NGC 6624       26.50  5.50  0.36  0.36  W15
NGC 6624       28.49  5.16  0.34  0.34  W15
NGC 6624       30.42  5.51  0.36  0.36  W15
NGC 6624       32.23  5.45  0.42  0.42  W15
NGC 6624       34.41  5.55  0.40  0.40  W15
NGC 6624       36.69  5.60  0.37  0.37  W15
NGC 6624       39.46  5.31  0.38  0.38  W15
NGC 6624       40.26  4.59  0.65  0.54   RV
NGC 6624       41.87  4.43  0.38  0.38  W15
NGC 6624       44.39  5.03  0.54  0.49  GDR2
NGC 6624       44.56  4.65  0.35  0.35  W15
NGC 6624       47.22  4.98  0.35  0.35  W15
NGC 6624       50.25  5.11  0.34  0.34  W15
NGC 6624       53.20  4.57  0.35  0.35  W15
NGC 6624       56.91  4.82  0.36  0.36  W15
NGC 6624       60.78  4.37  0.32  0.32  W15
NGC 6624       64.87  4.92  0.35  0.35  W15
NGC 6624       70.13  3.68  0.26  0.26  W15
NGC 6624       79.59  4.49  0.33  0.33  W15
NGC 6624       79.76  3.97  0.53  0.49  GDR2
NGC 6624       92.93  3.43  0.43  0.35   RV
NGC 6624      127.40  3.67  0.61  0.57  GDR2
NGC 6626       48.77  8.50  0.94  0.79   RV
NGC 6626       52.79  8.34  0.55  0.51  GDR2
NGC 6626       93.37  7.67  0.58  0.53  GDR2
NGC 6626      113.78  7.54  0.83  0.70   RV
NGC 6626      124.72  6.82  0.55  0.50  GDR2
NGC 6626      155.61  7.06  0.53  0.49  GDR2
NGC 6626      182.98  6.04  0.66  0.57   RV
NGC 6626      195.43  5.67  0.51  0.47  GDR2
NGC 6626      240.73  5.39  0.55  0.51  GDR2
NGC 6626      305.49  4.74  0.59  0.52  GDR2
NGC 6626      319.82  4.08  0.56  0.46   RV
NGC 6637       41.84  5.94  0.63  0.56  GDR2
NGC 6637       71.60  4.18  0.62  0.57  GDR2
NGC 6637      103.94  4.72  0.62  0.56  GDR2
NGC 6637      151.43  3.68  0.69  0.62  GDR2
NGC 6637      161.01  2.74  1.27  0.76   RV
NGC 6638       46.08  5.97  0.61  0.55  GDR2
NGC 6638       57.16  3.55  1.27  0.82   RV
NGC 6638      106.31  4.78  0.83  0.77  GDR2
NGC 6642       34.32  3.86  0.69  0.63  GDR2
NGC 6642       80.18  1.74  0.73  0.80  GDR2
NGC 6642      108.90  2.96  1.14  0.86   RV
NGC 6652       38.66  4.01  0.60  0.53  GDR2
NGC 6652       83.21  3.32  0.71  0.60  GDR2
NGC 6656        2.86  9.05  0.86  0.86  W15
NGC 6656        5.39  8.66  0.70  0.70  W15
NGC 6656        7.34  8.70  0.78  0.78  W15
NGC 6656        9.04  8.59  0.66  0.66  W15
NGC 6656       11.93  9.34  0.41  0.41  W15
NGC 6656       15.68  9.12  0.42  0.42  W15
NGC 6656       18.69  9.07  0.40  0.40  W15
NGC 6656       23.00  8.98  0.22  0.22  W15
NGC 6656       28.26  8.54  0.24  0.24  W15
NGC 6656       33.26  8.98  0.26  0.26  W15
NGC 6656       37.82  8.79  0.22  0.22  W15
NGC 6656       42.10  8.79  0.26  0.26  W15
NGC 6656       46.16  8.31  0.26  0.26  W15
NGC 6656       50.08  8.43  0.24  0.24  W15
NGC 6656       53.64  8.87  0.21  0.21  W15
NGC 6656       57.13  8.49  0.24  0.24  W15
NGC 6656       60.79  8.66  0.26  0.26  W15
NGC 6656       62.10  8.53  0.65  0.57   RV
NGC 6656       64.52  8.00  0.22  0.22  W15
NGC 6656       68.16  8.69  0.22  0.22  W15
NGC 6656       71.98  8.39  0.27  0.27  W15
NGC 6656       75.71  8.02  0.23  0.23  W15
NGC 6656       79.21  8.24  0.23  0.23  W15
NGC 6656       83.29  7.97  0.22  0.22  W15
NGC 6656       88.26  8.55  0.26  0.26  W15
NGC 6656       94.30  8.26  0.28  0.28  W15
NGC 6656      101.90  8.40  0.25  0.25  W15
NGC 6656      111.08  8.01  0.61  0.54   RV
NGC 6656      111.92  7.65  0.20  0.18  GDR2
NGC 6656      115.24  7.75  0.23  0.23  W15
NGC 6656      155.42  7.65  0.58  0.52   RV
NGC 6656      180.88  7.52  0.20  0.19  GDR2
NGC 6656      204.50  6.74  0.51  0.46   RV
NGC 6656      227.84  6.74  0.18  0.18  GDR2
NGC 6656      269.46  6.73  0.51  0.46   RV
NGC 6656      272.97  6.45  0.18  0.18  GDR2
NGC 6656      320.30  6.29  0.18  0.18  GDR2
NGC 6656      365.76  5.55  0.43  0.38   RV
NGC 6656      372.12  5.89  0.17  0.17  GDR2
NGC 6656      431.39  5.57  0.17  0.15  GDR2
NGC 6656      503.28  5.32  0.16  0.16  GDR2
NGC 6656      590.94  5.77  0.58  0.51   RV
NGC 6656      597.30  4.73  0.15  0.15  GDR2
NGC 6656      727.67  4.34  0.15  0.15  GDR2
NGC 6681        1.90  8.28  0.83  0.83  W15
NGC 6681        2.93  7.15  0.68  0.68  W15
NGC 6681        3.70  8.45  0.81  0.75  K18
NGC 6681        3.93  6.96  0.68  0.68  W15
NGC 6681        4.65  6.39  0.55  0.55  W15
NGC 6681        5.94  7.24  0.38  0.38  W15
NGC 6681        7.50  8.01  0.62  0.59  K18
NGC 6681        7.57  6.44  0.32  0.32  W15
NGC 6681        9.16  5.99  0.31  0.31  W15
NGC 6681       11.78  6.71  0.23  0.23  W15
NGC 6681       11.90  6.60  0.35  0.33  K18
NGC 6681       15.04  6.21  0.21  0.21  W15
NGC 6681       18.28  6.81  0.22  0.22  W15
NGC 6681       18.70  6.14  0.21  0.21  K18
NGC 6681       21.08  5.79  0.23  0.23  W15
NGC 6681       23.28  6.14  0.26  0.26  W15
NGC 6681       25.45  6.11  0.24  0.24  W15
NGC 6681       27.58  5.54  0.25  0.25  W15
NGC 6681       28.30  5.39  0.17  0.16  K18
NGC 6681       29.53  5.80  0.23  0.23  W15
NGC 6681       31.69  5.64  0.24  0.24  W15
NGC 6681       33.93  5.47  0.24  0.24  W15
NGC 6681       36.18  5.51  0.22  0.22  W15
NGC 6681       38.45  5.46  0.21  0.21  W15
NGC 6681       38.80  5.20  0.57  0.53  K18
NGC 6681       40.92  5.30  0.23  0.23  W15
NGC 6681       43.77  5.18  0.22  0.22  W15
NGC 6681       47.09  4.89  0.17  0.17  W15
NGC 6681       49.59  4.09  0.68  0.54   RV
NGC 6681       50.84  5.05  0.20  0.20  W15
NGC 6681       53.01  5.13  0.50  0.46  GDR2
NGC 6681       54.63  4.72  0.19  0.19  W15
NGC 6681       58.94  4.70  0.22  0.22  W15
NGC 6681       64.03  4.44  0.18  0.18  W15
NGC 6681       69.67  4.20  0.16  0.16  W15
NGC 6681       75.32  4.10  0.18  0.18  W15
NGC 6681       81.99  4.04  0.19  0.19  W15
NGC 6681       96.45  4.06  0.18  0.18  W15
NGC 6681      138.12  3.20  0.54  0.53  GDR2
NGC 6712       42.47  4.12  0.32  0.29  GDR2
NGC 6712       46.69  4.17  0.39  0.34   RV
NGC 6712       85.32  4.04  0.33  0.30  GDR2
NGC 6712      102.53  3.86  0.36  0.31   RV
NGC 6712      137.84  3.85  0.32  0.29  GDR2
NGC 6712      193.50  3.51  0.40  0.34   RV
NGC 6712      246.75  3.10  0.39  0.35  GDR2
NGC 6715        6.83 17.25  1.85  1.85  W15
NGC 6715        9.23 17.46  1.74  1.74  W15
NGC 6715       12.23 15.59  0.97  0.97  W15
NGC 6715       15.54 16.07  0.92  0.92  W15
NGC 6715       18.38 14.90  0.76  0.76  W15
NGC 6715       21.82 13.40  0.63  0.63  W15
NGC 6715       24.70 14.62  0.63  0.63  W15
NGC 6715       27.17 15.41  0.67  0.67  W15
NGC 6715       29.00 15.74  0.67  0.67  W15
NGC 6715       30.77 15.98  0.66  0.66  W15
NGC 6715       32.55 13.34  0.52  0.52  W15
NGC 6715       34.17 14.74  0.61  0.61  W15
NGC 6715       35.81 12.83  0.55  0.55  W15
NGC 6715       37.43 10.60  1.16  0.98   RV
NGC 6715       37.53 13.09  0.52  0.52  W15
NGC 6715       39.29 12.62  0.54  0.54  W15
NGC 6715       41.04 12.81  0.53  0.53  W15
NGC 6715       42.82 11.63  0.55  0.55  W15
NGC 6715       44.90 11.63  0.57  0.57  W15
NGC 6715       47.28 11.90  0.52  0.52  W15
NGC 6715       50.25 10.68  0.49  0.49  W15
NGC 6715       53.47 10.90  0.43  0.43  W15
NGC 6715       57.24  9.14  0.45  0.45  W15
NGC 6715       62.35 10.79  0.48  0.48  W15
NGC 6715       63.19  9.48  1.04  0.88   RV
NGC 6715       69.60 10.80  0.44  0.44  W15
NGC 6715       75.21  9.14  2.69  2.43  GDR2
NGC 6715       81.76  9.82  0.43  0.43  W15
NGC 6715       90.95  7.74  0.85  0.72   RV
NGC 6715      118.81  8.50  0.93  0.79   RV
NGC 6715      132.38  7.49  2.18  1.95  GDR2
NGC 6715      146.75  5.80  0.64  0.54   RV
NGC 6715      182.22  4.98  0.61  0.51   RV
NGC 6717       66.56  2.65  0.39  0.36  GDR2
NGC 6723       39.35  5.26  0.51  0.44   RV
NGC 6723       54.55  4.68  0.43  0.39  GDR2
NGC 6723       79.71  4.31  0.42  0.36   RV
NGC 6723      117.14  4.68  0.45  0.39   RV
NGC 6723      146.38  4.52  0.46  0.42  GDR2
NGC 6723      161.30  4.21  0.41  0.36   RV
NGC 6723      219.46  2.76  0.28  0.25   RV
NGC 6723      335.61  2.69  0.47  0.37   RV
NGC 6749      115.20  2.63  0.94  0.72   RV
NGC 6749      162.79  3.81  2.05  2.09  GDR2
NGC 6752        2.74  7.70  0.81  0.81  W15
NGC 6752        5.73  7.78  0.66  0.66  W15
NGC 6752        8.05  6.80  0.64  0.64  W15
NGC 6752        9.30  8.51  0.64  0.64  W15
NGC 6752       12.04  7.97  0.35  0.35  W15
NGC 6752       15.31  8.07  0.35  0.35  W15
NGC 6752       18.57  8.24  0.35  0.35  W15
NGC 6752       22.26  8.29  0.27  0.27  W15
NGC 6752       26.45  8.23  0.27  0.27  W15
NGC 6752       30.86  8.21  0.28  0.28  W15
NGC 6752       34.54  7.92  0.27  0.27  W15
NGC 6752       38.28  8.05  0.31  0.31  W15
NGC 6752       42.39  7.56  0.24  0.24  W15
NGC 6752       46.42  7.59  0.25  0.25  W15
NGC 6752       50.80  7.87  0.24  0.24  W15
NGC 6752       54.90  7.71  0.22  0.22  W15
NGC 6752       59.52  7.38  0.22  0.22  W15
NGC 6752       64.36  7.23  0.24  0.24  W15
NGC 6752       66.62  6.39  0.40  0.35   RV
NGC 6752       69.04  7.04  0.23  0.23  W15
NGC 6752       73.83  7.08  0.23  0.23  W15
NGC 6752       77.98  6.66  0.20  0.20  W15
NGC 6752       82.93  6.35  0.20  0.20  W15
NGC 6752       87.73  6.66  0.22  0.22  W15
NGC 6752       92.84  7.11  0.25  0.25  W15
NGC 6752       98.79  6.39  0.22  0.22  W15
NGC 6752      105.69  6.63  0.23  0.23  W15
NGC 6752      116.60  5.85  0.21  0.20  GDR2
NGC 6752      119.75  6.16  0.18  0.18  W15
NGC 6752      142.74  5.71  0.35  0.32   RV
NGC 6752      187.63  5.44  0.20  0.19  GDR2
NGC 6752      203.64  5.27  0.32  0.30   RV
NGC 6752      242.69  4.71  0.18  0.17  GDR2
NGC 6752      262.78  5.24  0.33  0.30   RV
NGC 6752      292.71  4.25  0.17  0.16  GDR2
NGC 6752      322.32  3.84  0.24  0.22   RV
NGC 6752      413.98  4.09  0.26  0.23   RV
NGC 6752      501.46  3.69  0.15  0.15  GDR2
NGC 6752      630.54  3.20  0.23  0.21   RV
NGC 6760       76.65  6.37  0.61  0.56  GDR2
NGC 6760       93.36  4.71  1.14  0.82   RV
NGC 6760      127.17  5.24  0.74  0.66  GDR2
NGC 6779       51.82  4.76  0.53  0.46  GDR2
NGC 6779       89.17  3.93  0.66  0.54   RV
NGC 6779      106.34  3.29  0.47  0.41  GDR2
NGC 6779      148.85  4.22  0.68  0.57   RV
NGC 6779      155.98  3.64  0.49  0.43  GDR2
NGC 6779      208.68  2.44  0.75  0.59   RV
NGC 6809       69.87  4.18  0.35  0.31   RV
NGC 6809       72.37  4.70  0.23  0.22  GDR2
NGC 6809      130.00  3.98  0.35  0.30   RV
NGC 6809      131.36  4.44  0.23  0.22  GDR2
NGC 6809      172.90  4.06  0.35  0.32   RV
NGC 6809      180.24  3.77  0.22  0.21  GDR2
NGC 6809      216.97  4.35  0.38  0.33   RV
NGC 6809      238.31  4.08  0.23  0.21  GDR2
NGC 6809      288.31  3.74  0.33  0.29   RV
NGC 6809      312.96  3.46  0.22  0.21  GDR2
NGC 6809      446.47  3.53  0.32  0.28   RV
NGC 6809      448.42  3.16  0.27  0.25  GDR2
NGC 6809      767.62  1.80  0.58  0.47   RV
NGC 6838       27.34  3.63  0.41  0.35   RV
NGC 6838       44.23  3.15  0.19  0.17  GDR2
NGC 6838       63.17  2.78  0.31  0.27   RV
NGC 6838       82.98  2.61  0.16  0.15  GDR2
NGC 6838      108.96  2.67  0.30  0.26   RV
NGC 6838      111.57  2.88  0.18  0.17  GDR2
NGC 6838      148.45  2.70  0.21  0.19  GDR2
NGC 6838      161.66  2.24  0.26  0.22   RV
NGC 6838      313.07  2.15  0.26  0.22   RV
NGC 6864       53.32  6.94  1.45  1.11   RV
NGC 6864       82.19  4.38  0.82  0.79  GDR2
NGC 6864      130.24  4.04  0.91  0.68   RV
NGC 6934       58.58  4.12  0.70  0.62  GDR2
NGC 6934       84.27  4.42  0.97  0.71   RV
NGC 6934      138.92  3.52  0.73  0.64  GDR2
NGC 6934      265.57  1.59  0.42  0.30   RV
NGC 6981       55.86  3.48  0.95  0.78  GDR2
NGC 7006       47.88  2.99  0.61  0.48   RV
NGC 7078        2.90 14.00  1.19  1.06  K18
NGC 7078        5.70 12.78  0.96  0.86  K18
NGC 7078        6.70 11.69  0.87  0.78   RV
NGC 7078        7.95  8.82  0.89  0.89  W15
NGC 7078        9.10 12.48  0.65  0.60  K18
NGC 7078       13.51  9.61  0.51  0.51  W15
NGC 7078       14.40 12.73  0.44  0.43  K18
NGC 7078       16.96 11.80  0.86  0.77   RV
NGC 7078       17.15 11.22  0.63  0.63  W15
NGC 7078       19.11 11.01  0.64  0.64  W15
NGC 7078       22.70 11.20  0.28  0.27  K18
NGC 7078       23.10 11.30  0.31  0.31  W15
NGC 7078       26.78 11.04  0.81  0.72   RV
NGC 7078       27.99 10.88  0.27  0.27  W15
NGC 7078       32.29 10.56  0.31  0.31  W15
NGC 7078       35.68  9.23  0.67  0.60   RV
NGC 7078       36.00 10.17  0.20  0.19  K18
NGC 7078       36.74  9.81  0.24  0.24  W15
NGC 7078       40.30  9.73  0.25  0.25  W15
NGC 7078       43.51  9.57  0.27  0.27  W15
NGC 7078       45.64  9.11  0.66  0.59   RV
NGC 7078       46.45  9.43  0.26  0.26  W15
NGC 7078       49.50  9.11  0.24  0.24  W15
NGC 7078       52.20  8.98  0.20  0.20  K18
NGC 7078       52.46  9.29  0.27  0.27  W15
NGC 7078       55.45  9.03  0.29  0.29  W15
NGC 7078       58.66  8.56  0.62  0.56   RV
NGC 7078       58.69  9.17  0.23  0.23  W15
NGC 7078       61.77  8.60  0.26  0.26  W15
NGC 7078       64.98  8.16  0.25  0.25  W15
NGC 7078       68.41  8.39  0.24  0.24  W15
NGC 7078       71.58  8.76  0.25  0.25  W15
NGC 7078       74.62  7.08  0.52  0.47   RV
NGC 7078       75.12  7.90  0.22  0.22  W15
NGC 7078       76.27  7.44  0.54  0.50  GDR2
NGC 7078       79.13  7.82  0.21  0.21  W15
NGC 7078       83.42  7.61  0.22  0.22  W15
NGC 7078       88.57  8.01  0.23  0.23  W15
NGC 7078       97.61  6.63  0.49  0.44   RV
NGC 7078      100.88  7.33  0.21  0.21  W15
NGC 7078      127.74  6.73  0.54  0.50  GDR2
NGC 7078      128.68  6.71  0.49  0.44   RV
NGC 7078      169.03  4.81  0.35  0.31   RV
NGC 7078      184.02  6.16  0.54  0.50  GDR2
NGC 7078      229.69  5.00  0.40  0.35   RV
NGC 7078      276.59  4.38  0.48  0.46  GDR2
NGC 7078      326.33  3.04  0.25  0.22   RV
NGC 7078      513.34  2.49  0.46  0.44  GDR2
NGC 7078      522.40  3.02  0.25  0.22   RV
NGC 7089        3.50 12.35  1.02  0.97  K18
NGC 7089        7.10 10.83  0.81  0.76  K18
NGC 7089       11.40 10.25  0.43  0.43  K18
NGC 7089       17.90 10.64  0.32  0.31  K18
NGC 7089       28.50  9.75  0.20  0.21  K18
NGC 7089       44.40  8.96  0.14  0.14  K18
NGC 7089       50.92  9.21  0.79  0.69   RV
NGC 7089       60.30  8.18  0.27  0.27  K18
NGC 7089       67.71  9.08  0.55  0.51  GDR2
NGC 7089      110.95  6.48  0.47  0.44  GDR2
NGC 7089      117.84  7.49  0.64  0.57   RV
NGC 7089      153.72  5.69  0.48  0.44  GDR2
NGC 7089      179.23  6.39  0.56  0.49   RV
NGC 7089      217.82  5.55  0.49  0.46  GDR2
NGC 7089      263.67  4.80  0.43  0.37   RV
NGC 7089      367.03  4.08  0.60  0.57  GDR2
NGC 7089      441.95  4.67  0.42  0.36   RV
NGC 7099       50.89  3.92  0.26  0.23   RV
NGC 7099       81.15  4.46  0.41  0.38  GDR2
NGC 7099      126.74  3.60  0.23  0.21   RV
NGC 7099      221.27  2.94  0.20  0.18   RV
NGC 7099      289.60  1.45  0.46  0.52  GDR2
NGC 7099      381.20  2.27  0.18  0.16   RV
NGC 7492       39.93  1.48  0.34  0.25   RV
NGC 7492       79.80  1.13  0.29  0.21   RV
Pal 2          70.31  5.27  1.13  0.87   RV
Pal 3          22.68  1.24  0.40  0.29   RV
Pal 4          26.71  0.87  0.20  0.17   RV
Pal 5          94.59  0.64  0.16  0.13   RV
Pal 5         212.52  1.51  0.31  0.24   RV
Pal 6          47.57  1.42  1.06  0.52   RV
Pal 6          56.99  5.26  1.64  1.72  GDR2
Pal 8          65.91  2.54  0.75  0.82  GDR2
Pal 10         71.84  3.29  0.92  0.90  GDR2
Pal 11         34.50  0.00  1.89  1.89  GDR2
Pal 11         71.82  2.86  1.17  1.08   RV
Pal 12         78.64  0.74  0.29  0.22   RV
Pal 13         34.96  1.38  0.36  0.27   RV
Pal 13        128.86  1.44  0.51  0.38   RV
Pal 14         77.12  0.38  0.14  0.11   RV
Pal 15         75.85  3.61  1.13  0.79   RV
Pyxis          60.97  1.04  0.25  0.19   RV
Pyxis         134.09  0.77  0.20  0.16   RV
Rup 106        74.45  1.54  0.39  0.29   RV
Rup 106       168.79  1.04  0.38  0.29   RV
Ter 1          27.40  6.43  1.37  1.02   RV
Ter 1          55.40  7.85  1.19  1.08  GDR2
Ter 3          54.49  2.79  0.89  0.95  GDR2
Ter 3          72.08  1.96  0.52  0.38   RV
Ter 4          10.27  4.22  2.13  1.52   RV
Ter 4          38.94  0.00  2.67  0.00  GDR2
Ter 5          15.94 14.71  1.46  1.26   RV
Ter 5          53.15 10.01  1.00  0.86   RV
Ter 5          58.30 12.41  2.28  2.00  GDR2
Ter 5          91.16  9.96  2.54  2.15  GDR2
Ter 5          99.69  9.78  1.37  1.11   RV
Ter 6          46.76  5.55  1.50  1.06   RV
Ter 7          35.24  0.97  0.23  0.19   RV
Ter 7          94.35  0.46  0.15  0.12   RV
Ter 8          64.64  0.89  0.21  0.17   RV
Ter 8         160.19  1.22  0.21  0.18   RV
Ter 10         55.92  3.67  1.71  2.16  GDR2
Ter 12         87.19  2.25  1.04  0.76   RV
Ton 2          51.61  2.42  0.79  0.55   RV
