#id W_lime e_W_lime g_lime e_g_lime rt_lime e_rt_lime M_lime e_M_lime W_pe e_W_pe eta_pe e_eta_pe log1minB_pe e_log1minB_pe rt_pe e_rt_pe M_pe e_M_pe W_king e_W_king rt_king e_rt_king M_king e_M_king W_wil e_W_wil rt_wil e_rt_wil M_wil e_M_wil log_fpe e_log_fpe chi2_king chi2red_king chi2_wil chi2red_wil chi2_lime chi2red_lime chi2_pe chi2red_pe kingtrunc kinghalf wiltrunc wilhalf limehalf e_limehalf pehalf e_pehalf pecore e_pecore r_tie BGlev min_mass max_mass
     ngc104    8.308    0.089    1.336    0.051   72.968    4.258   102966.982     2224.360    8.124    0.107    0.157    0.027   -1.820    0.186   57.335    3.244   101765.278     2277.064    8.582    0.026   52.496    0.489   107803.319     1202.242    7.057    0.035  200.915    6.700    91163.150     1738.225   -2.364    0.360 4097.375   28.064 8913.275   61.050 3359.623   23.170 3613.649   25.095   52.496    5.754  200.915    3.577    5.187    0.162    5.208    0.172    0.544    0.023   13.283    0.075    0.606    0.866
     ngc288    1.737    0.897    2.693    0.236  116.402   19.839     4425.278       64.357    3.283    0.171    0.247    0.013   -2.436    0.318   60.043    6.431     4378.900       62.845    4.607    0.041   46.315    0.472     4353.574       24.366    3.474    0.079   74.145    1.543     4391.503       30.271   -2.313    0.222   74.907    1.189   85.677    1.360   95.038    1.533   77.513    1.271   46.315    9.408   74.145    9.196    9.114    0.079    9.163    0.104    6.528    0.230    4.053    0.008    0.744    0.825   
     ngc362    6.733    0.069    1.995    0.037   81.688    5.784    22531.126      338.782    6.715    0.028    0.106    0.062   -4.311    1.554   80.028    4.449    22474.623      336.817    7.936    0.034   26.086    0.422    22869.201      517.776    6.726    0.011   82.591    0.989    22515.666      169.471   -4.880    1.310  917.866    9.662  203.479    2.142  208.146    2.214  193.446    2.080   26.086    2.730   82.591    2.027    2.030    0.034    2.032    0.025    0.535    0.012    4.540    0.082    0.707    0.844
    ngc1261    3.632    0.413    2.824    0.120  220.343   62.946     3874.984       98.847    4.995    0.101    0.232    0.006   -2.594    0.228   51.512    4.517     3836.790       45.379    6.801    0.170   37.810    1.814     2753.313      165.328    5.090    0.038   61.868    1.226     3857.022       18.531   -2.592    0.153 1985.035   28.358  113.309    1.619  137.865    1.998  100.667    1.480   37.810    4.585   61.868    4.476    4.330    0.078    4.455    0.045    2.169    0.055    2.415    0.008    0.815    0.844
      pal1     2.427    1.805    1.923    0.786   19.671   10.555      139.398        9.960    2.170    1.075    0.188    0.136   -7.600    1.836   19.596    3.669      137.417        7.091    3.366    0.674   12.976    1.139      136.000        4.312    1.447    0.804   18.674    1.831      136.061        3.423   -4.481    1.755  144.281    7.214  143.376    7.169  175.951    9.261  202.433   11.246   12.976    3.293   18.674    3.336    3.218    0.226    3.254    0.180    3.039    1.133    2.000    0.112    0.769    0.835
    ngc1851    7.649    0.067    1.852    0.027  109.263    7.533     8762.401      141.336    7.466    0.051    0.134    0.010   -2.649    0.139   62.133    5.111     8599.559      143.801    8.379    0.075   31.922    0.647     9412.084      186.365    7.288    0.015  161.343    2.942     8493.196       80.816   -2.336    0.137 1370.745   12.130  346.779    3.069  200.703    1.792  214.389    1.931   31.922    3.415  161.343    2.281    2.515    0.059    2.434    0.062    0.364    0.012    3.643    0.019    0.784    0.841   
    ngc1904    6.790    0.200    1.896    0.094   97.227   13.765     3770.834      116.515    6.570    0.077    0.134    0.080   -3.940    1.694  108.735   10.388     3786.875      110.636    7.932    0.115   38.321    1.016     3200.510      104.688    6.568    0.036  112.909    2.828     3807.540       53.821   -4.701    1.407  154.295    2.411   69.685    1.089   68.112    1.081   69.564    1.122   38.321    4.010  112.909    3.194    3.208    0.108    3.179    0.121    0.906    0.068    2.334    0.013    0.741    0.780
    ngc2298    6.359    0.172    1.752    0.162   60.054   11.801      967.091       19.678    6.085    0.087    0.199    0.113   -3.562    1.741   80.418    6.899      959.259       20.292    6.760    0.042   30.058    0.621      971.290       10.032    6.085    0.041   82.209    3.046      964.552       10.510   -4.698    1.815   62.523    0.906   65.907    0.955   59.714    0.878   61.614    0.920   30.058    3.679   82.209    3.397    3.494    0.085    3.387    0.069    1.201    0.032    1.845    0.004    0.710    0.774
    ngc2419    6.150    0.314    2.045    0.181  704.853  236.033      303.442       10.583    6.220    0.163    0.171    0.136   -4.365    1.530  644.645  107.451      302.950        9.889    6.827    0.106  209.464   10.309      291.982        5.321    6.242    0.080  671.822   50.938      304.153        4.905   -5.467    1.560   78.686    1.405   66.242    1.183   66.254    1.205   66.372    1.229  209.464   25.259  671.822   24.768   24.500    1.137   24.817    1.001    8.272    0.415    2.000    0.036    0.771    0.772
    ngc2808    5.891    0.080    2.220    0.038  100.064    6.574    36078.910      557.008    6.287    0.038    0.139    0.012   -3.434    0.285   65.424    4.095    35325.698      630.339    7.443    0.043   28.913    0.433    33434.351      780.150    6.329    0.014   74.662    0.843    35208.517      285.081   -3.354    0.317 1948.028   14.430  343.545    2.545  363.782    2.715  346.005    2.602   28.913    3.127   74.662    2.573    2.486    0.025    2.569    0.021    0.831    0.017    4.753    0.019    0.730    0.844
    ngc3201    5.757    0.190    2.305    0.077  249.115   34.887    25868.289      686.151    6.422    0.054    0.164    0.126   -5.428    1.304  161.622    8.252    23815.176      528.421    7.455    0.084   57.107    1.974    19846.264      574.716    6.429    0.025  163.676    3.888    23888.564      280.544   -5.456    1.188 2448.791   28.809  790.291    9.298  364.042    4.334  790.810    9.528   57.107    6.166  163.676    5.209    4.980    0.087    5.208    0.096    1.606    0.046    6.955    0.009    0.600    0.781
    ngc4147    7.609    0.080    0.600    0.179   21.930    3.582      389.740        9.032    7.905    0.095    0.235    0.051   -0.978    0.208   21.603    1.651      384.956        6.602    7.634    0.034   32.560    0.631      404.664        3.785    6.713    0.058  127.582    8.211      396.548        5.554   -2.070    0.402   98.586    0.741  372.405    2.800   87.201    0.661   79.436    0.606   32.560    3.452  127.582    3.169    3.253    0.102    3.225    0.083    0.563    0.020    1.184    0.037    0.780    0.798
    ngc4590    5.172    0.082    2.469    0.044  295.808   42.458     5884.753       40.151    5.740    0.060    0.220    0.008   -2.632    0.172   94.039    7.566     5861.266       47.537    6.794    0.046   50.773    1.150     5359.756       75.886    5.845    0.032  122.020    2.903     5895.563       23.274   -2.530    0.123 1485.722   11.255  199.848    1.514  100.091    0.764  187.110    1.439   50.773    6.167  122.020    5.908    5.742    0.051    5.864    0.062    2.292    0.027    3.441    0.008    0.726    0.799
    ngc5024    7.046    0.109    1.539    0.073  145.105   10.604     2952.080       56.152    6.813    0.105    0.096    0.041   -2.494    0.301  118.765    7.270     2953.459       54.464    7.531    0.051   92.829    1.842     2844.317       45.102    6.346    0.033  242.614    5.569     2933.280       28.342   -3.434    0.527   67.085    1.765   50.208    1.321   21.900    0.592   19.882    0.552   92.829    9.937  242.614    8.251    8.925    0.214    8.833    0.225    2.251    0.095    2.965    0.007    0.771    0.794   
    ngc5053    1.070    0.712    2.242    0.246  106.302   19.696      480.211       17.682    1.502    0.597    0.202    0.050   -2.995    0.677   77.325   16.518      478.371       18.130    2.965    0.199   59.382    2.034      477.129        9.114    1.588    0.537   91.511    7.370      482.544        9.025   -2.204    0.667   50.640    0.713   49.028    0.691   52.280    0.747   62.430    0.905   59.382   15.988   91.511   16.044   16.111    0.296   15.950    0.398   18.170    3.880    1.952    0.004    0.770    0.794
    ngc5139    3.972    0.267    2.339    0.098  137.301    8.626   263016.172     4571.437    4.578    0.079    0.251    0.009   -2.831    0.273   97.072    7.232   257073.420     3413.642    6.259    0.026   70.258    0.565   216136.393     3105.182    4.822    0.019  114.302    0.856   251593.635     1959.787   -2.671    0.174 1336.549   14.528  344.959    3.750  319.989    3.516  249.492    2.772   70.258    9.690  114.302    9.270    9.343    0.073    9.360    0.064    5.049    0.104   17.515    0.239    0.600    0.781
    ngc5272    7.455    0.083    1.526    0.036  121.274    4.544    14413.134      286.547    7.223    0.092    0.204    0.008   -1.746    0.070   79.918    2.973    14274.080      282.108    8.101    0.078   77.554    1.068    12874.585      279.619    6.482    0.029  197.846    5.015    15494.568      340.108   -2.055    0.064  168.782    3.836  185.610    4.218   47.286    1.100   38.908    0.926   77.554    8.137  197.846    6.025    6.705    0.144    6.640    0.134    1.293    0.066    5.710    0.010    0.726    0.814
    ngc5286    6.337    0.126    2.143    0.070  172.844   33.089     5089.339       90.272    6.429    0.058    0.202    0.016   -2.809    0.333   86.731   14.069     5033.375       73.157    7.522    0.047   37.782    0.794     4314.708       82.276    6.534    0.024  123.147    3.246     5001.984       35.186   -2.321    0.194  398.060    2.275  173.211    0.990  169.170    0.972  167.979    0.971   37.782    4.049  123.147    3.590    3.523    0.058    3.571    0.041    1.046    0.019    2.801    0.281    0.734    0.795   
    ngc5466    3.783    0.735    2.623    0.252  363.357  123.169      961.978       29.898    5.005    0.226    0.247    0.128   -2.981    1.832  189.985   23.109      949.043       28.542    6.018    0.168  103.677    5.276      894.356       20.497    5.033    0.100  197.770    9.202      956.884       14.310   -4.219    1.973   65.800    1.935   36.893    1.085   30.984    0.939   37.624    1.176  103.677   15.183  197.770   14.675   14.456    0.375   14.683    0.409    7.209    0.500    2.853    0.006    0.761    0.791
    ngc5634    7.863    0.088    1.063    0.121   52.807    7.259      458.416        9.977    7.883    0.122    0.179    0.043   -1.452    0.240   43.996    4.216      451.904       10.565    7.885    0.045   49.308    0.945      456.400        4.726    6.822    0.050  192.083   11.319      441.398        6.845   -2.388    0.428  209.790    2.357  704.662    7.918  210.886    2.396  200.688    2.307   49.308    5.163  192.083    4.310    5.170    0.171    5.110    0.211    0.778    0.030    1.099    0.048    0.767    0.774
    ngc5694    7.555    0.052    1.073    0.194   39.801    9.690      358.532        8.583    7.474    0.101    0.264    0.052   -1.130    0.295   30.373    2.448      353.536        4.331    7.540    0.022   36.498    0.251      355.616        1.404    7.284    0.035  344.188   21.195      415.142        5.683   -1.810    0.526  193.690    0.828  294.957    1.261  194.640    0.835  192.548    0.830   36.498    3.904  344.188    4.880    3.951    0.119    3.888    0.057    0.721    0.027    0.951    0.333    0.769    0.773   
     ic4499    4.938    0.549    1.933    0.357  142.309   45.010      604.947       21.809    4.882    0.285    0.197    0.092   -2.785    1.565  137.660   28.969      603.122       21.299    5.713    0.107   78.088    2.775      597.823       10.265    4.907    0.129  154.706    9.100      606.109       10.149   -3.791    1.792   41.958    0.792   39.242    0.740   39.464    0.759   40.925    0.802   78.088   12.335  154.706   12.119   12.072    0.310   12.097    0.298    5.991    0.429    2.015    0.030    0.766    0.781
    ngc5824    7.638    0.074    1.886    0.049  230.016   43.686     1914.981       29.661    7.455    0.039    0.071    0.026   -4.726    0.765  348.560   58.235     1898.317       30.403    8.171    0.022   41.552    0.497     1788.402       12.533    7.465    0.021  381.987   11.921     1908.770       15.068   -3.769    0.750  310.040    1.505  278.346    1.351  240.595    1.174  286.704    1.405   41.552    4.373  381.987    4.575    4.615    0.144    4.569    0.119    0.668    0.017    2.000    0.221    0.769    0.774   
    ngc5897    2.362    0.689    1.995    0.279   62.449    8.289     3333.178       38.380    2.321    0.167    0.199    0.100   -3.484    1.744   60.958    2.756     3315.673       38.614    3.790    0.048   41.949    0.450     3355.118       18.625    2.347    0.056   62.227    0.793     3328.431       20.880   -4.577    1.634   78.765    0.949   71.571    0.862   72.953    0.890   77.071    0.951   41.949    9.937   62.227    9.720    9.724    0.092    9.699    0.087    8.867    0.329    4.031    0.140    0.731    0.774
    ngc5904    7.237    0.174    1.506    0.091   82.848    7.049    22949.353      811.615    6.985    0.154    0.210    0.009   -1.703    0.099   57.360    2.691    22727.061      698.943    7.936    0.058   56.565    0.917    20836.675      568.799    6.407    0.037  143.709    3.695    24329.100      422.143   -2.079    0.071  251.646    6.291  171.554    4.289  118.556    3.040   91.935    2.419   56.565    5.919  143.709    4.655    5.067    0.151    5.019    0.146    1.127    0.082    6.826    0.007    0.684    0.827
    ngc5986    3.011    0.427    2.618    0.123   57.494    7.161     1515.649       26.598    4.061    0.184    0.208    0.048   -2.687    0.544   29.691    3.178     1505.738       26.629    4.758    0.093   17.624    0.483     1479.942       14.093    4.149    0.079   33.778    1.022     1512.279       13.990   -2.977    0.708  252.725    1.159  209.238    0.960  196.245    0.904  251.752    1.166   17.624    3.469   33.778    3.476    3.420    0.050    3.461    0.049    2.095    0.066    1.887    0.136    0.725    0.802
    ngc6093    7.072    0.056    1.181    0.092   21.328    1.719     7228.676       70.431    7.268    0.122    0.288    0.020   -0.944    0.118   14.252    0.762     7280.222       63.898    7.133    0.017   18.400    0.118     7283.805       32.418    6.331    0.023   54.295    1.141     6950.855       48.161   -1.779    0.100  398.925    1.415  778.738    2.761  419.186    1.492  366.344    1.308   18.400    2.087   54.295    1.868    2.048    0.025    2.113    0.024    0.471    0.015    2.592    0.813    0.700    0.777   
    ngc6121    7.643    0.133    0.181    0.071   22.751    0.806     2538.191       58.674    9.092    0.234    0.348    0.012   -0.226    0.090   22.700    0.662     2525.892       47.081    7.298    0.107   37.508    0.881     2560.591       39.078    5.804    0.112   83.581    3.960     2479.259       47.566   -1.585    0.039  147.534    2.501  227.074    3.849   92.513    1.595   59.442    1.043   37.508    4.139   83.581    4.151    4.471    0.099    4.770    0.108    0.595    0.047    2.839    0.000    0.500    0.832
    ngc6101    5.852    0.639    1.561    0.513  129.885   67.624     1942.281       55.192    5.848    0.241    0.176    0.052   -1.721    0.334   95.130    8.759     1930.113       45.800    6.281    0.047   91.066    1.724     1919.257       23.907    5.343    0.054  181.738    5.630     1962.373       24.859   -2.656    0.429  385.249    5.583  294.349    4.266  382.204    5.621  491.887    7.342   91.066   12.492  181.738   11.664   12.017    0.420   12.117    0.270    4.612    0.255    3.295    0.027    0.760    0.795
    ngc6144    5.785    0.204    0.227    0.144   25.128    2.285      600.747       23.837    9.240    0.682    0.137    0.044   -0.153    0.179   23.855    1.314      619.095       22.357    5.617    0.129   35.762    1.564      603.072       12.802    4.690    0.227   66.496    6.318      622.787       14.289   -3.620    0.644  149.995    0.987  176.883    1.164  138.864    0.920  171.690    1.145   35.762    5.783   66.496    5.679    5.928    0.227    6.209    0.204    1.597    0.107    2.005    1.009    0.707    0.789
    ngc6139    7.928    0.098    1.300    0.146   44.811   10.062      230.451        7.493    7.890    0.160    0.241    0.061   -1.206    0.331   24.695    6.541      218.780       10.495    7.924    0.049   29.315    0.760      219.508        2.832    7.266    0.054  214.839   19.614      239.402        5.346   -1.854    0.412  101.336    1.718  279.630    4.739  108.320    1.868  100.151    1.757   29.315    3.068  214.839    3.100    3.242    0.186    3.022    0.237    0.452    0.019    2.000    0.027    0.761    0.779
    ngc6171    6.766    0.052    0.431    0.158   21.392    1.771     4036.306       46.412    7.396    0.149    0.272    0.040   -0.736    0.149   21.973    0.985     4026.640       40.906    6.632    0.023   29.541    0.336     3982.761       22.671    5.837    0.054   71.039    2.617     3949.988       44.392   -1.969    0.220  159.421    1.245  316.367    2.472  139.519    1.099  185.026    1.468   29.541    3.723   71.039    3.458    3.886    0.068    3.951    0.066    0.985    0.023    3.924    0.640    0.658    0.832
    ngc6205    4.117    0.188    2.631    0.068  138.928   14.713    36907.877      481.476    5.340    0.069    0.215    0.006   -2.675    0.173   56.905    3.741    35207.516      653.535    6.559    0.061   35.694    0.697    32124.544      741.463    5.498    0.034   71.991    1.140    34758.443      355.794   -2.688    0.132 1911.586   23.895  537.256    6.716  183.308    2.320  378.656    4.855   35.694    4.576   71.991    4.264    4.185    0.035    4.277    0.046    1.894    0.052    6.127    0.026    0.671    0.808
    ngc6229    5.081    0.426    2.512    0.155  255.373  111.966      661.141       29.741    5.853    0.189    0.190    0.134   -7.942    1.688   89.849   10.940      648.703       26.715    6.595    0.094   36.495    0.872      652.242       14.194    5.866    0.084   92.577    5.326      655.244       14.385   -5.358    1.658   28.296    1.286   24.103    1.096   22.669    1.079   24.974    1.249   36.495    4.640   92.577    4.425    4.361    0.170    4.409    0.165    1.709    0.130    2.000    0.013    0.778    0.782
    ngc6218    5.730    0.130    1.379    0.123   36.283    2.651    11249.425      142.318    6.201    0.228    0.327    0.015   -0.789    0.135   22.949    0.948    11158.354      118.816    6.004    0.029   29.353    0.232    11192.056       69.197    4.902    0.039   52.955    0.815    11406.380       88.104   -1.712    0.052  283.005    2.378  569.946    4.789  333.537    2.827  219.482    1.876   29.353    4.314   52.955    4.156    4.247    0.042    4.346    0.047    1.541    0.058    4.839    0.087    0.640    0.795
    ngc6235    6.220    0.174    1.257    0.258   32.185    6.798      825.285       22.247    6.111    0.207    0.187    0.050   -1.531    0.299   26.597    3.645      822.167       21.999    6.270    0.074   26.271    0.933      822.548       11.310    5.784    0.095   70.736    5.492      834.459       12.958   -2.568    0.488  204.287    1.209  215.484    1.275  204.115    1.215  211.260    1.265   26.271    3.614   70.736    3.558    3.615    0.124    3.607    0.125    1.272    0.049    1.994    1.960    0.735    0.790
    ngc6254    7.267    0.141    0.821    0.095   34.800    1.870    11230.138      307.930    7.514    0.232    0.299    0.039   -0.816    0.182   29.501    2.089    11141.588      293.614    7.065    0.027   38.479    0.419    11481.348      164.327    5.756    0.077   81.665    2.701    12026.901      214.966   -1.742    0.238  114.544    1.488  236.677    3.074  112.103    1.475  106.755    1.423   38.479    4.419   81.665    4.176    4.527    0.115    4.608    0.122    0.960    0.080    5.784    0.225    0.600    0.812
    ngc6266    7.391    0.126    1.240    0.157   28.811    4.931     7406.718      170.579    7.588    0.261    0.212    0.050   -1.243    0.284   19.475    2.139     7349.448      164.197    7.486    0.054   22.873    0.400     7379.932       84.544    6.788    0.047  102.018    5.829     7599.983       95.330   -2.200    0.476 1694.869    4.520 2245.839    5.989 1779.935    4.759 1632.871    4.378   22.873    2.461  102.018    2.364    2.436    0.069    2.481    0.083    0.467    0.031    4.000    3.403    0.707    0.793
    ngc6273    6.754    0.056    1.103    0.074   37.706    2.119    10400.672       98.215    6.669    0.095    0.265    0.036   -1.159    0.158   30.519    1.897    10348.811       95.855    6.801    0.019   35.040    0.275    10382.830       46.241    5.973    0.031   88.890    2.103    10534.521       76.303   -1.926    0.240  160.977    0.870  327.757    1.772  161.702    0.879  165.819    0.906   35.040    4.250   88.890    3.963    4.224    0.043    4.225    0.038    1.198    0.025    4.701    1.954    0.686    0.777
    ngc6284    8.371    0.203    1.268    0.272   83.730   44.864      104.050        9.757    8.416    0.208    0.496    0.004   -0.123    0.065   16.283    0.934       75.359        2.218    8.313    0.096   54.135    2.307       96.579        2.744    8.405    0.097 1397.227   41.258      155.824        6.268   -1.056    0.024  279.045    1.824  302.098    1.974  279.735    1.840  163.559    1.083   54.135    5.755 1397.227   15.744    6.680    1.147    3.793    0.180    0.545    0.044    1.500    0.093    0.765    0.790
    ngc6293    7.517    0.125    0.152    0.057   12.304    0.569     1248.551       33.777    9.811    0.158    0.248    0.045   -0.165    0.165   11.600    0.425     1296.128       25.974    7.294    0.073   21.190    0.577     1246.728       19.079    6.673    0.089   90.046    9.384     1287.828       25.066   -2.269    0.326  923.103    3.172 1306.850    4.491  683.156    2.356  376.212    1.302   21.190    2.339   90.046    2.321    2.447    0.087    2.558    0.050    0.317    0.012    2.200    6.529    0.710    0.773
    ngc6341    6.993    0.205    1.837    0.100   93.016   13.282     9103.332      390.135    6.971    0.166    0.205    0.009   -1.907    0.153   45.369    4.001     9042.072      340.080    8.059    0.102   40.278    0.791     8683.916      295.244    6.680    0.037  118.476   3.3108     9226.989      202.037   -2.028    0.071  143.246    3.871   62.355    1.685   58.436    1.623   39.468    1.128   40.278    4.220  118.476    3.033    3.162    0.120    3.210    0.136    0.734    0.065    6.000    0.016    0.676    0.785   
    ngc6325    7.549    0.290    0.704    0.346   18.482    5.274      131.328        8.453    9.910    0.154    0.308    0.087   -0.018    0.235    9.698    1.023      112.220        6.063    7.477    0.128   23.296    1.402      131.275        4.021    6.805    0.133  107.119   19.233      132.866        4.838   -1.822    0.582 3935.818   49.198 4163.333   52.042 3911.931   49.518 2754.932   35.320   23.296    2.509  107.119    2.441    2.547    0.252    2.143    0.177    0.196    0.047    2.000    0.073    0.772    0.791
    ngc6333    4.750    0.169    2.139    0.105   38.768    4.372    30044.899      340.245    4.912    0.091    0.145    0.055   -2.990    0.775   30.949    3.136    29795.059      343.906    5.530    0.038   16.225    0.198    29223.199      208.823    4.948    0.045   34.215    0.749    29964.235      156.371   -3.802    0.896  430.666    1.669  294.499    1.141  290.291    1.130  454.286    1.775   16.225    2.680   34.215    2.634    2.623    0.025    2.629    0.027    1.315    0.027    7.024   11.562    0.686    0.776
    ngc6352    8.152    0.128    0.161    0.065   25.572    1.741     2099.401       89.823   10.735    0.431    0.171    0.050   -0.253    0.247   21.822    1.325     2080.127       75.219    8.138    0.075   50.214    1.901     2149.498       52.972    7.760    0.102  741.428  116.588     2527.811      125.639   -2.920    0.552  490.960    1.874  592.277    2.261  438.144    1.679  396.984    1.527   50.214    5.276  741.428    7.267    5.191    0.318    5.032    0.213    0.471    0.032    2.000    9.233    0.666    0.896
    ngc6366    2.249    0.967    2.628    0.262   53.138   13.010     4248.726       77.279    3.734    0.276    0.240    0.144   -4.076    1.618   34.686    3.010     4225.723       75.456    4.834    0.098   21.005    0.517     4168.999       40.730    3.701    0.125   34.807    1.315     4233.659       41.407   -5.133    1.746  293.792    1.605  255.051    1.394  249.439    1.371  258.608    1.429   21.005    4.067   34.807    4.074    4.070    0.066    4.070    0.075    2.668    0.150    4.247    1.380    0.654    0.896
    ngc6362    4.455    0.388    1.999    0.198   63.340    8.013     6481.579      181.449    4.444    0.137    0.169    0.071   -2.953    1.282   58.367    6.769     6451.546      160.849    5.644    0.060   38.311    0.616     6013.908       94.923    4.477    0.061   63.865    1.322     6474.860       80.034   -3.770    1.350  277.715    4.959  157.258    2.808  157.573    2.865  221.756    4.107   38.311    6.154   63.865    5.898    5.915    0.075    5.907    0.075    3.297    0.118    4.773    0.057    0.689    0.824
    ngc6388    7.040    0.128    1.578    0.141   33.531    6.535     2075.186       40.285    7.322    0.228    0.268    0.036   -1.069    0.275   14.562    2.336     2017.669       32.736    7.306    0.037   17.985    0.180     2021.910       13.773    6.583    0.035   67.628    2.276     2152.578       21.148   -1.847    0.228  495.112    1.303  633.051    1.666  561.320    1.481  459.645    1.216   17.985    1.982   67.628    1.889    1.933    0.033    1.963    0.040    0.443    0.024    2.000    0.392    0.792    0.851   
    ngc6402    3.747    0.237    2.581    0.098  103.903   16.505     4979.667       50.037    4.291    0.142    0.301    0.012   -2.139    0.197   37.738    4.030     4887.192       46.634    5.410    0.077   28.401    0.720     4713.278       35.434    4.573    0.070   53.358    1.652     4905.806       27.588   -2.037    0.140  465.129    1.729  302.262    1.124  268.267    1.001  299.174    1.121   28.401    4.826   53.358    4.760    4.743    0.049    4.709    0.053    2.662    0.057    3.000    1.876    0.742    0.790
    ngc6397    8.064    0.187    1.323    0.072   43.006    3.081     7741.625      312.088    7.902    0.232    0.172    0.034   -1.721    0.231   33.618    2.454     7636.714      314.124    8.659    0.104   32.167    0.458     7201.591      168.300    6.759    0.035  103.671    3.877     8800.160      160.232   -2.229    0.267 1089.109    9.901 1911.300   17.375  992.159    9.102 1095.624   10.145   32.167    3.565  103.671    2.468    3.066    0.152    3.063    0.167    0.390    0.043    7.000    0.001    0.501    0.781
    ngc6426    7.910    0.299    0.538    0.353   58.484   20.729      165.976       18.048   11.731    0.643    0.115    0.043   -0.062    0.176   30.424    3.914      174.745       14.942    7.841    0.144   84.379    7.360      162.309        8.717    7.216    0.168  553.741  168.718      157.312       13.171   -3.887    0.623  274.507    0.987  312.837    1.125  269.999    0.975  224.582    0.814   84.379    8.844  553.741    8.402    9.328    1.655    8.060    0.718    1.010    0.065    1.500    3.110    0.759    0.772   
    ngc6496    4.097    0.855    2.328    0.316   86.359   25.432      516.683       22.023    4.740    0.309    0.230    0.138   -3.563    1.758   67.955   10.056      515.704       18.687    5.434    0.130   35.156    1.547      509.238        9.415    4.785    0.147   71.005    5.080      518.696       10.038   -4.894    1.848  152.375    1.259  126.884    1.049  118.074    0.984  128.123    1.077   35.156    5.941   71.005    5.844    5.705    0.225    5.835    0.191    3.069    0.183    1.877    0.184    0.822    0.923
    ngc6539    6.477    0.259    0.766    0.375   20.253    4.999      612.023       26.403    9.858    0.942    0.135    0.055   -0.156    0.206   12.492    1.067      600.910       17.891    6.408    0.124   23.288    1.053      616.348       12.172    5.526    0.138   51.015    4.433      635.649       13.599   -3.563    0.766  852.708    3.078  979.576    3.536  793.660    2.876  424.330    1.543   23.288    3.097   51.015    2.975    3.124    0.133    3.128    0.102    0.631    0.065    2.000    0.700    0.829    0.841
    ngc6541    7.064    0.196    1.736    0.096   50.092    5.824     6267.475      321.299    6.807    0.162    0.143    0.039   -2.406    0.419   35.683    5.104     6161.710      315.238    8.200    0.102   25.988    0.510     5269.197      188.995    6.555    0.032   69.032    1.940     6657.764      136.192   -2.644    0.661  299.712    3.568  264.847    3.153  221.614    2.670  232.747    2.838   25.988    2.740   69.032    1.976    2.097    0.070    2.042    0.054    0.508    0.033    3.369    0.078    0.660    0.793   
     ic1276    2.939    0.847    2.582    0.313   52.867   19.899     3651.049       88.263    3.710    0.497    0.328    0.075   -2.162    1.406   23.282    8.616     3563.787       99.705    4.479    0.153   16.635    0.504     3527.042       39.805    3.896    0.222   31.412    1.933     3603.317       45.872   -1.924    1.115  330.908    1.379  329.936    1.375  333.128    1.394  337.376    1.418   16.635    3.468   31.412    3.485    3.515    0.083    3.488    0.074    2.253    0.261    3.575    5.057    0.782    0.829
    ngc6569    3.640    0.910    2.435    0.337   39.433   14.568      313.181       15.088    6.985    0.441    0.218    0.055   -0.498    0.281   11.597    0.751      307.172        5.727    5.211    0.145   15.724    0.848      318.817        5.085    4.201    0.248   25.628    2.338      311.742        7.227   -2.520    0.378  241.508    2.875  361.262    4.301  375.416    4.523  210.962    2.573   15.724    2.799   25.628    2.595    2.584    0.114    2.815    0.061    1.032    0.064    2.000    0.075    0.815    0.827
    ngc6584    6.663    0.245    1.150    0.260   33.957    6.271     2241.459      100.316    5.816    0.161    0.215    0.140   -5.817    1.459   71.085    7.446     2332.278       94.392    6.754    0.068   30.825    0.660     2236.893       44.655    5.805    0.075   71.485    3.401     2349.001       47.375   -5.680    1.577  923.433    5.497  855.191    5.090  918.427    5.500  883.609    5.323   30.825    3.778   71.485    3.549    3.752    0.112    3.546    0.079    1.374    0.086    2.144    0.666    0.760    0.814
    ngc6624    7.667    0.094    0.168    0.148    8.633    1.077     1042.435       26.382    9.392    0.122    0.374    0.069   -0.006    0.223    7.291    0.338     1019.269        8.061    7.753    0.039   17.734    0.343     1103.629       12.168   15.436    0.119   85.413    2.116     1371.500       16.376    -1.542    0.399 854.858    2.381 1485.130    4.136   742.212    2.073  383.659    1.075  17.734    1.865   85.413    2.662     1.721    0.077    1.662    0.019    0.209    0.006   2.000    7.973    0.806    0.915    
    ngc6626    7.650    0.074    1.172    0.121   26.990    3.609     2022.900       36.291    7.650    0.130    0.242    0.038   -1.205    0.201   19.260    1.802     2015.686       34.971    7.700    0.029   22.817    0.307     2030.155       17.373    6.989    0.039  115.621    6.257     2020.507       25.418    -1.910    0.299 288.968    1.438  485.557    2.416   300.614    1.503  285.421    1.434  22.817    2.408  115.621    2.203     2.384    0.062    2.391    0.062    0.411    0.015   3.000    0.333    0.692    0.788    
    ngc6637    6.027    0.110    0.767    0.316   14.306    2.762     1644.767       32.273    6.568    0.287    0.259    0.059   -0.757    0.252   12.418    0.932     1645.803       30.036    5.998    0.048   16.470    0.345     1643.410       15.666    5.360    0.080   36.875    1.824     1656.057       19.304   -2.229    0.424  308.301    1.181  342.248    1.311  305.316    1.174  319.859    1.235   16.470    2.424   36.875    2.347    2.432    0.054    2.443    0.046    0.835    0.034    2.000    5.284    0.750    0.891
    ngc6652    7.921    0.062    0.461    0.160   10.863    1.253     1554.606       27.227    8.993    0.143    0.259    0.037   -0.557    0.228    9.582    0.443     1544.582       20.959    7.834    0.048   16.722    0.251     1557.920       14.744    6.929    0.046   78.746    4.947     1543.665       22.544   -2.011    0.489  600.173    2.354 1694.290    6.644  470.037    1.851  319.085    1.261   16.722    1.753   78.746    1.592    1.789    0.039    1.796    0.032    0.222    0.006    1.937    2.584    0.758    0.866   
    ngc6656    6.575    0.051    1.197    0.055   40.127    1.426    13823.722      122.423    6.364    0.066    0.246    0.010   -1.343    0.064   33.037    0.833    13776.591      112.327    6.744    0.018   36.074    0.216    13680.203       82.373    5.678    0.036   74.494    1.346    14369.839      167.274   -2.050    0.058  161.770    1.407  371.812    3.233  126.190    1.107  119.406    1.057   36.074    4.431   74.494    3.991    4.312    0.038    4.285    0.040    1.347    0.018   10.000    0.002    0.500    0.795
      pal8     5.129    0.473    1.342    0.428   32.508    9.030      279.090       18.188    6.195    0.951    0.160    0.078   -1.072    0.591   21.621    4.683      282.958       19.504    5.219    0.201   26.135    2.190      277.493       10.044    4.561    0.264   50.016    6.802      270.363        9.952   -3.031    0.714  228.867    0.919  231.381    0.929  229.962    0.927  227.954    0.923   26.135    4.644   50.016    4.482    4.655    0.349    4.661    0.339    2.027    0.217    2.000    5.958    0.863    0.880   
    ngc6681    8.334    0.128    0.873    0.109   21.093    2.144     2411.436       52.825    8.881    0.211    0.287    0.076   -0.772    0.362   15.171    1.749     2403.266       51.263    8.273    0.040   23.770    0.373     2411.034       29.811    7.033    0.057  121.769    8.026     2356.543       34.249   -1.655    0.711 2041.133    9.766 3767.803   18.0289 1940.293    9.328 1473.076    7.116  23.770    2.519  121.769    2.2215    2.539    0.074    2.581    0.085    0.244    0.021   2.449    1.748    0.698    0.792   
    ngc6715    6.997    0.108    2.066    0.067  345.999  137.418     3096.901       71.777    7.046    0.067    0.096    0.041   -3.984    1.350  216.865   35.600     3073.831       65.176    7.566    0.076   41.060    1.337     2882.712       60.608    7.067    0.035  255.760   12.889     3072.589       32.553   -3.411    0.989 1161.250    3.271 1023.291    2.8835 1010.909    2.856 1014.391    2.874  41.060    4.380  255.760    4.5069    4.554    0.167    4.502    0.149    0.940    0.027   2.000    0.930    0.806    0.814   
    ngc6717    8.882    0.354    1.342    0.263   30.604   14.395      529.922       39.825    8.886    0.442    0.348    0.117   -0.902    0.619   12.881    6.700      487.112       43.369    9.028    0.151   19.501    0.889      505.857       14.210    8.294    0.164  358.053   28.636      666.479       26.032   -1.185    0.667  207.057    0.900  213.154    0.9277  206.407    0.901  204.223    0.896  19.501    2.299  358.053    3.7456    2.470    0.320    2.332    0.314    0.152    0.038   1.500    5.408    0.700    0.808   
    ngc6723    4.141    0.217    2.288    0.137   67.667    9.509     8678.465       88.947    4.359    0.092    0.278    0.014   -2.248    0.238   39.979    4.190     8656.580       86.637    5.391    0.050   28.692    0.371     8696.307       73.943    4.563    0.036   52.768    0.791     8694.456       39.591   -2.211    0.179  205.831    1.303  119.940    0.759  113.683    0.724  116.515    0.747   28.692    4.899   52.768    4.725    4.680    0.042    4.694    0.035    2.623    0.040    4.208    0.654    0.707    0.816
    ngc6752    8.205    0.080    1.463    0.031   52.370    2.147    37517.381      762.604    7.974    0.094    0.196    0.008   -1.743    0.067   34.728    1.277    36948.601      731.461    8.872    0.045   32.195    0.314    36218.204      554.963    7.003    0.026  119.230    3.167    39175.811      661.839   -1.931    0.057 1748.488   13.048 3254.238   24.285  837.580    6.298  946.879    7.173   32.195    3.692  119.230    2.242    3.038    0.068    3.017    0.087    0.333    0.014    7.785    0.052    0.550    0.798
    ngc6779    6.821    0.102    1.254    0.160   46.461    6.736     2910.702       46.471    6.952    0.154    0.341    0.014   -0.779    0.109   27.201    1.517     2893.740       44.935    6.921    0.030   37.861    0.477     2912.514       23.604    6.229    0.038  112.338    3.759     2929.356       29.224   -1.567    0.047  358.515    2.543  491.053    3.483  363.483    2.596  336.841    2.423   37.861    4.476  112.338    4.180    4.410    0.079    4.467    0.084    1.146    0.035    1.700    0.175    0.700    0.786
    ngc6809    0.821    0.594    2.643    0.123   56.514    3.732    21110.935      238.424    2.905    0.106    0.237    0.129   -3.159    1.496   39.808    0.992    20606.599      267.754    4.648    0.058   29.557    0.326    19461.355      208.935    2.967    0.044   42.107    0.370    20766.007      135.317   -2.827    1.630  432.645    4.507  134.076    1.397   96.545    1.016  135.745    1.444   29.557    5.953   42.107    5.854    5.797    0.035    5.846    0.039    4.561    0.129    6.830    0.184    0.600    0.782   
    terzan8    2.890    1.620    1.880    0.803  107.514   68.346      138.818       14.541    2.812    1.280    0.331    0.142   -6.982    2.123  112.973   37.240      139.726       13.891    3.865    0.595   69.698    9.106      136.651        6.809    2.389    1.118  104.291   23.182      138.032        8.119   -6.198    1.847  114.124    1.108  114.125    1.108  114.224    1.120  114.080    1.130   69.698   16.299  104.291   16.173   16.495    1.466   16.534    1.528   12.399    3.867    0.000    0.903    0.773    0.780   
     pal11     0.277    0.182    0.164    0.076   12.108    0.413      372.878       18.567    1.299    1.538    0.042    0.054   -0.060    0.878   16.006    0.571      363.991       19.830    0.188    0.080   16.382    0.294      366.481       11.837    0.214    0.106   29.340    0.721      362.890       12.661   -4.423    2.699  452.897    1.935  669.095    2.859  293.120    1.258  442.405    1.907   16.382    5.824   29.340    6.008    5.838    0.134    5.783    0.169    7.381    3.489    2.000    2.215    0.831    0.874
    ngc6864    7.609    0.210    1.619    0.157   74.724   20.263      298.665       12.545    7.416    0.213    0.123    0.041   -2.222    0.394   49.887    9.899      296.619       11.991    8.026    0.083   34.779    1.363      300.387        6.970    7.050    0.049  165.564   11.527      288.872        6.395   -2.878    0.593   42.378    1.367   40.943    1.321   32.706    1.090   37.583    1.296   34.779    3.641  165.564    2.969    3.347    0.229    3.334    0.264    0.569    0.041    1.023    0.156    0.779    0.789
    ngc6934    6.227    0.095    1.765    0.131   61.210   12.270      818.121       11.307    5.988    0.078    0.232    0.045   -1.756    0.529   36.830   14.038      815.193       12.307    6.330    0.037   26.128    0.320      778.791        3.895    6.038    0.034   88.018    2.660      825.332        5.346   -2.134    0.474   69.152    0.854   65.465    0.808   58.473    0.731   59.294    0.751   26.128    3.541   88.018    3.757    3.715    0.060    3.711    0.068    1.303    0.033    2.000    0.016    0.781    0.814   
    ngc6981    4.524    0.288    2.184    0.170   77.955   14.007     1278.749       22.788    4.685    0.137    0.231    0.046   -2.252    0.565   52.061    9.269     1277.737       17.418    5.279    0.069   30.554    0.614     1235.043        6.289    4.838    0.050   67.955    1.596     1288.283        7.093   -2.606    0.549   71.804    0.825   58.679    0.674   64.593    0.751  185.760    2.185   30.554    5.355   67.955    5.476    5.407    0.080    5.433    0.058    2.842    0.086    2.253    0.040    0.796    0.821
    ngc7006    4.524    0.238    2.581    0.104  238.710   67.802      320.094        4.975    5.151    0.129    0.387    0.056   -3.069    0.512   79.976    8.632      312.582        5.146    5.871    0.092   40.104    1.014      303.891        4.265    5.278    0.047   89.694    2.460      312.827        2.765   -2.223    0.250  509.592    1.860  355.908    1.299  320.493    1.174  304.594    1.120   40.104    6.093   89.694    5.943    5.926    0.081    5.932    0.075    2.770    0.073    2.000    0.339    0.778    0.781
    ngc7078    7.535    0.085    1.677    0.040   93.657    6.129    17552.059      247.349    7.169    0.080    0.142    0.029   -2.350    0.241   68.132    5.908    17427.243      249.823    8.199    0.036   39.572    0.407    17434.383      164.420    6.879    0.017  163.721    3.081    17668.056      144.459   -2.515    0.340 1673.349    6.915 2224.266    9.191 1702.286    7.063 1880.073    7.834   39.572    4.172  163.721    3.476    3.758    0.064    3.635    0.064    0.700    0.031    4.371    0.100    0.714    0.785
    ngc7089    6.262    0.180    2.011    0.084   98.568   10.280    13810.321      374.069    6.190    0.081    0.192    0.008   -2.489    0.443   64.863   13.644    13812.228      367.335    7.609    0.099   40.184    0.754    12425.900      396.844    6.326    0.021   98.823    1.765    13780.398      188.345   -2.525    0.260  215.892    3.598   66.502    1.108   67.299    1.141   70.488    1.215   40.184    4.270   98.823    3.415    3.473    0.085    3.507    0.084    1.162    0.061    4.190    0.024    0.740    0.811
    ngc7099    8.365    0.120    1.406    0.053   49.462    3.587     6156.626      154.683    8.170    0.142    0.188    0.021   -1.714    0.153   34.425    2.584     6075.453      159.189    8.672    0.079   31.352    0.339     6394.643       80.524    6.753    0.049  107.869    4.278     6705.322      158.120   -2.002    0.148 2185.469   20.050 9522.689   87.364 2407.402   22.291 2547.996   23.813   31.352    3.481  107.869    2.583    3.197    0.110    3.189    0.115    0.312    0.024    3.368    0.021    0.672    0.780   
     pal12     5.328    0.455    1.558    0.362   68.394   20.440      133.734        5.041    5.168    0.444    0.345    0.084   -1.098    0.727   42.744   26.534      133.982        6.650    5.576    0.191   47.466    3.515      132.286        2.830    5.143    0.235  112.128   16.137      138.112        3.274   -1.602    0.688   70.301    1.233   70.178    1.231   70.125    1.252   69.710    1.267   47.466    7.752  112.128    7.921    7.749    0.361    7.965    0.463    3.621    0.235    2.000    0.066    0.886    0.918   
    ngc7492    1.247    0.868    2.039    0.495   70.478   29.930      126.152        7.514    0.954    0.590    0.187    0.135   -7.947    1.263   64.140    5.863      125.135        6.103    1.585    0.544   37.055    2.545      121.309        3.390    0.498    0.361   60.897    2.792      125.076        3.790   -4.930    1.235 2593.689   36.023 2617.911   36.360 2692.080   37.917 2628.734   37.553   37.055   11.739   60.897   12.132   12.361    0.533   12.247    0.434   17.518    5.002    2.000    0.018    0.769    0.776
